Open Time,Open,High,Low,Close,Volume
2021-10-07 16:58:00,54101.38,54159.76,54101.38,54158.07,0.10523
2021-10-07 16:59:00,54157.0,54186.96,54144.33,54173.05,0.6204
2021-10-07 17:00:00,54172.7,54172.7,54110.29,54111.04,0.23505
2021-10-07 17:01:00,54115.3,54144.3,54115.3,54132.08,0.03641
2021-10-07 17:02:00,54125.36,54135.0,54101.66,54112.0,1.06964
2021-10-07 17:03:00,54111.75,54156.88,54111.75,54149.97,7.69027
2021-10-07 17:04:00,54172.7,54277.44,54172.7,54234.35,3.4226
2021-10-07 17:05:00,54267.95,54321.0,54244.29,54278.13,0.65657
2021-10-07 17:06:00,54255.57,54315.54,54213.4,54315.54,0.62741
2021-10-07 17:07:00,54317.09,54317.09,54222.04,54229.05,0.3715
2021-10-07 17:08:00,54228.09,54228.09,54213.72,54213.72,0.03768
2021-10-07 17:09:00,54208.56,54237.26,54195.13,54228.11,0.22173
2021-10-07 17:10:00,54231.67,54246.51,54218.81,54219.33,0.44944
2021-10-07 17:11:00,54226.25,54257.26,54224.61,54224.61,0.15
2021-10-07 17:12:00,54227.8,54244.54,54211.89,54240.11,0.06588
2021-10-07 17:13:00,54258.49,54280.0,54238.97,54255.37,0.79161
2021-10-07 17:14:00,54218.93,54291.04,54218.81,54291.04,0.22829
2021-10-07 17:15:00,54258.93,54283.32,54258.93,54281.56,0.04292
2021-10-07 17:16:00,54252.1,54256.22,54215.82,54248.45,0.78237
2021-10-07 17:17:00,54218.91,54233.0,54204.02,54221.84,0.26895
2021-10-07 17:18:00,54215.52,54248.25,54204.84,54223.95,0.09738
2021-10-07 17:19:00,54232.79,54232.79,54146.76,54148.69,1.86864
2021-10-07 17:20:00,54175.68,54217.2,54175.68,54203.28,0.69932
2021-10-07 17:21:00,54215.21,54215.21,54157.2,54172.84,1.02675
2021-10-07 17:22:00,54163.92,54204.56,54163.92,54192.86,0.07254
2021-10-07 17:23:00,54147.64,54169.24,54130.58,54130.58,0.09831
2021-10-07 17:24:00,54157.71,54203.32,54115.86,54154.08,1.1188
2021-10-07 17:25:00,54151.95,54151.95,54094.68,54094.68,0.31508
2021-10-07 17:26:00,54128.96,54220.74,54107.3,54199.09,0.59364
2021-10-07 17:27:00,54202.84,54253.95,54202.84,54244.24,0.55689
2021-10-07 17:28:00,54194.32,54232.8,54194.31,54232.8,0.10754
2021-10-07 17:29:00,54207.37,54207.37,54164.7,54164.99,0.1251
2021-10-07 17:30:00,54193.27,54193.27,54125.72,54135.38,1.94024
2021-10-07 17:31:00,54127.18,54134.98,54071.77,54080.64,0.35691
2021-10-07 17:32:00,54096.25,54126.74,54057.66,54090.27,0.2284
2021-10-07 17:33:00,54092.93,54115.2,54084.95,54104.62,1.50829
2021-10-07 17:34:00,54095.7,54124.57,54037.1,54054.22,0.51821
2021-10-07 17:35:00,54068.53,54103.15,54038.55,54047.6,1.44559
2021-10-07 17:36:00,54044.33,54077.86,54034.74,54072.09,0.6708
2021-10-07 17:37:00,54083.37,54157.53,54083.37,54107.6,0.48479
2021-10-07 17:38:00,54107.6,54156.3,54101.76,54142.05,0.47596
2021-10-07 17:39:00,54151.94,54206.5,54126.91,54192.67,0.61915
2021-10-07 17:40:00,54203.02,54226.21,54202.92,54209.42,0.35571
2021-10-07 17:41:00,54229.25,54241.38,54182.5,54182.5,0.33989
2021-10-07 17:42:00,54183.41,54222.35,54165.29,54222.35,0.20616
2021-10-07 17:43:00,54189.24,54236.29,54188.56,54236.29,0.95576
2021-10-07 17:44:00,54215.49,54247.47,54198.64,54247.47,0.26116
2021-10-07 17:45:00,54237.64,54280.61,54222.32,54222.32,0.60015
2021-10-07 17:46:00,54252.6,54252.6,54190.78,54207.35,0.16369
2021-10-07 17:47:00,54191.85,54191.85,54158.61,54160.92,0.38938
2021-10-07 17:48:00,54151.65,54176.39,54135.92,54139.68,0.19037
2021-10-07 17:49:00,54139.68,54157.02,54092.43,54106.23,0.30859
2021-10-07 17:50:00,54093.44,54123.09,54070.44,54116.26,0.79078
2021-10-07 17:51:00,54137.55,54266.7,54132.71,54228.43,0.9127
2021-10-07 17:52:00,54240.52,54261.01,54217.61,54229.65,0.40317
2021-10-07 17:53:00,54228.07,54291.73,54225.69,54287.04,5.72506
2021-10-07 17:54:00,54260.01,54283.39,54246.58,54246.58,0.25033
2021-10-07 17:55:00,54278.39,54283.41,54228.11,54228.11,0.16202
2021-10-07 17:56:00,54233.68,54251.2,54204.13,54213.09,0.37376
2021-10-07 17:57:00,54211.15,54221.47,54169.4,54186.79,0.31081
2021-10-07 17:58:00,54193.24,54219.92,54166.79,54171.22,4.16201
2021-10-07 17:59:00,54182.59,54206.36,54175.08,54206.36,1.12754
2021-10-07 18:00:00,54195.19,54228.49,54192.56,54227.3,0.23614
2021-10-07 18:01:00,54192.92,54192.92,54111.95,54128.39,0.64544
2021-10-07 18:02:00,54128.05,54216.93,54128.05,54138.91,1.32567
2021-10-07 18:03:00,54153.67,54158.34,54065.51,54065.51,0.39465
2021-10-07 18:04:00,54096.08,54096.08,54011.02,54022.28,0.13243
2021-10-07 18:05:00,54026.41,54092.92,54022.35,54091.58,0.70626
2021-10-07 18:06:00,54097.17,54099.97,54078.53,54078.53,0.28513
2021-10-07 18:07:00,54093.44,54100.0,54026.01,54047.67,0.48372
2021-10-07 18:08:00,54046.55,54062.11,54014.91,54058.03,0.535
2021-10-07 18:09:00,54036.3,54080.8,54036.3,54080.8,0.09092
2021-10-07 18:10:00,54072.82,54092.27,54058.77,54092.27,0.15794
2021-10-07 18:11:00,54084.08,54117.38,54064.31,54076.41,0.78017
2021-10-07 18:12:00,54062.44,54115.95,54053.68,54115.24,0.28846
2021-10-07 18:13:00,54075.56,54099.94,54066.33,54095.04,0.0611
2021-10-07 18:14:00,54095.05,54095.05,54038.35,54091.79,1.0946
2021-10-07 18:15:00,54071.33,54149.57,54071.33,54149.57,0.1323
2021-10-07 18:16:00,54142.4,54142.4,54020.74,54020.74,2.24766
2021-10-07 18:17:00,54045.29,54062.79,54045.29,54047.82,0.3654
2021-10-07 18:18:00,54070.76,54109.43,54061.18,54061.18,0.14204
2021-10-07 18:19:00,54074.81,54100.09,54062.53,54067.34,0.11175
2021-10-07 18:20:00,54062.9,54066.48,53984.74,53984.74,2.316
2021-10-07 18:21:00,54039.02,54098.84,54005.27,54084.53,1.15222
2021-10-07 18:22:00,54096.21,54106.41,54060.98,54105.99,0.21965
2021-10-07 18:23:00,54106.35,54123.98,54065.23,54076.9,0.6179
2021-10-07 18:24:00,54076.9,54091.96,54027.17,54027.17,1.12621
2021-10-07 18:25:00,54049.13,54062.86,54033.47,54034.52,0.27054
2021-10-07 18:26:00,54045.89,54051.08,54009.45,54017.27,0.46208
2021-10-07 18:27:00,54000.21,54048.37,54000.21,54032.34,0.21787
2021-10-07 18:28:00,54015.83,54037.87,53998.25,53998.25,0.43366
2021-10-07 18:29:00,54017.79,54038.63,54002.84,54018.45,0.22261
2021-10-07 18:30:00,54041.51,54099.13,53997.09,54083.06,0.47544
2021-10-07 18:31:00,54073.17,54094.62,54064.28,54079.38,0.2635
2021-10-07 18:32:00,54067.64,54087.49,54014.71,54039.77,0.36605
2021-10-07 18:33:00,54026.95,54027.88,54002.77,54012.66,0.28455
2021-10-07 18:34:00,54006.27,54032.36,54004.01,54020.01,1.19632
2021-10-07 18:35:00,54024.06,54031.95,54012.05,54028.13,0.12975
2021-10-07 18:36:00,54011.36,54011.36,53948.65,53948.65,2.58857
2021-10-07 18:37:00,53961.57,54028.09,53961.57,54028.09,0.71424
2021-10-07 18:38:00,54020.78,54020.78,53964.16,53964.16,0.25199
2021-10-07 18:39:00,53958.35,53967.55,53940.89,53960.37,0.1366
2021-10-07 18:40:00,53935.27,53962.01,53935.27,53955.76,0.18572
2021-10-07 18:41:00,53953.36,53953.36,53914.87,53928.8,0.08245
2021-10-07 18:42:00,53938.21,53938.21,53900.0,53936.4,1.99411
2021-10-07 18:43:00,53900.8,53923.13,53889.78,53923.13,0.78907
2021-10-07 18:44:00,53902.85,53914.52,53849.24,53849.24,0.4186
2021-10-07 18:45:00,53846.26,53917.46,53846.26,53899.0,0.95665
2021-10-07 18:46:00,53909.55,53915.29,53865.95,53865.95,0.45092
2021-10-07 18:47:00,53872.29,53917.11,53872.29,53882.18,0.54068
2021-10-07 18:48:00,53883.17,53931.57,53872.64,53917.42,0.24401
2021-10-07 18:49:00,53917.81,53969.08,53905.5,53951.19,0.27654
2021-10-07 18:50:00,53941.01,53958.43,53930.31,53950.22,0.05505
2021-10-07 18:51:00,53945.28,53953.45,53926.94,53929.84,0.12025
2021-10-07 18:52:00,53940.69,53975.84,53940.69,53975.69,0.06333
2021-10-07 18:53:00,53978.57,53979.57,53944.26,53944.26,0.05591
2021-10-07 18:54:00,53952.25,53993.57,53931.96,53986.75,1.04532
2021-10-07 18:55:00,53974.41,53974.41,53938.09,53938.09,0.06708
2021-10-07 18:56:00,53931.52,53950.36,53929.81,53942.25,0.2014
2021-10-07 18:57:00,53952.24,53952.24,53919.66,53937.53,0.49967
2021-10-07 18:58:00,53922.15,53938.65,53894.29,53915.49,2.11569
2021-10-07 18:59:00,53914.05,53919.32,53902.56,53913.09,0.13048
2021-10-07 19:00:00,53923.72,53976.25,53923.72,53975.88,2.15731
2021-10-07 19:01:00,53979.84,54013.51,53971.47,54011.68,0.39454
2021-10-07 19:02:00,54022.57,54024.55,53995.24,54004.91,0.24374
2021-10-07 19:03:00,53999.2,54053.01,53999.09,54053.01,0.15093
2021-10-07 19:04:00,54041.76,54041.76,54000.45,54008.68,0.03186
2021-10-07 19:05:00,54019.73,54034.48,54019.72,54034.47,0.09976
2021-10-07 19:06:00,54034.47,54037.58,54004.94,54037.58,0.17072
2021-10-07 19:07:00,54033.94,54091.2,54032.25,54032.25,0.6923
2021-10-07 19:08:00,54041.9,54041.9,53990.11,54006.82,0.36334
2021-10-07 19:09:00,54013.13,54013.13,53877.57,53883.99,5.41452
2021-10-07 19:10:00,53873.75,53920.66,53873.75,53919.63,0.74518
2021-10-07 19:11:00,53960.83,53964.31,53960.83,53962.57,0.02704
2021-10-07 19:12:00,53962.13,53962.13,53891.76,53923.07,1.01611
2021-10-07 19:13:00,53927.13,53956.67,53927.13,53954.68,0.02811
2021-10-07 19:14:00,53961.87,53982.45,53956.25,53982.45,0.61401
2021-10-07 19:15:00,53985.14,54012.71,53982.11,53984.83,0.16425
2021-10-07 19:16:00,53989.75,54042.86,53989.75,54031.58,0.41861
2021-10-07 19:17:00,54018.25,54042.35,54000.77,54029.86,0.086
2021-10-07 19:18:00,54033.98,54102.5,54033.83,54075.1,0.5703
2021-10-07 19:19:00,54085.61,54144.64,54085.61,54140.04,2.1719
2021-10-07 19:20:00,54137.17,54153.34,54123.21,54146.93,0.08866
2021-10-07 19:21:00,54146.93,54164.34,54120.0,54164.34,0.65438
2021-10-07 19:22:00,54152.66,54167.75,54109.67,54145.87,1.01085
2021-10-07 19:23:00,54139.59,54162.99,54127.15,54141.16,0.05493
2021-10-07 19:24:00,54135.72,54135.72,54117.8,54132.47,0.0927
2021-10-07 19:25:00,54141.15,54141.16,54081.13,54081.13,0.15968
2021-10-07 19:26:00,54081.13,54108.96,54064.66,54089.76,0.38011
2021-10-07 19:27:00,54106.41,54106.41,54047.53,54057.62,0.37131
2021-10-07 19:28:00,54052.35,54074.61,54051.5,54055.47,0.05952
2021-10-07 19:29:00,54092.53,54113.2,54086.59,54106.36,1.14521
2021-10-07 19:30:00,54124.75,54138.85,54101.62,54101.62,0.04478
2021-10-07 19:31:00,54135.16,54138.5,54099.32,54099.32,0.07702
2021-10-07 19:32:00,54081.19,54081.19,54061.32,54080.73,0.16367
2021-10-07 19:33:00,54070.37,54085.87,54049.43,54049.43,0.03889
2021-10-07 19:34:00,54048.51,54048.51,54034.63,54042.89,0.03238
2021-10-07 19:35:00,54056.28,54085.42,54056.28,54058.81,0.2245
2021-10-07 19:36:00,54067.15,54067.15,54027.48,54028.75,0.02284
2021-10-07 19:37:00,54029.54,54091.06,54023.89,54091.06,0.32862
2021-10-07 19:38:00,54104.18,54169.17,54099.81,54148.97,0.7234
2021-10-07 19:39:00,54126.16,54148.11,54109.33,54109.33,0.22165
2021-10-07 19:40:00,54109.33,54120.01,54078.79,54083.49,0.18474
2021-10-07 19:41:00,54100.48,54110.35,54077.42,54110.07,0.7266
2021-10-07 19:42:00,54093.59,54106.7,54083.33,54085.17,0.19205
2021-10-07 19:43:00,54105.67,54129.35,54101.94,54101.94,4.21571
2021-10-07 19:44:00,54117.06,54135.06,54111.93,54126.31,0.04952
2021-10-07 19:45:00,54072.0,54072.0,54046.15,54058.09,0.5553
2021-10-07 19:46:00,54066.73,54084.28,54045.62,54079.67,0.38512
2021-10-07 19:47:00,54076.67,54077.8,54046.41,54048.6,0.09031
2021-10-07 19:48:00,54028.24,54044.13,54016.86,54037.15,0.01848
2021-10-07 19:49:00,54040.67,54051.93,54040.66,54048.25,0.55068
2021-10-07 19:50:00,54034.68,54073.55,54026.85,54043.31,0.21978
2021-10-07 19:51:00,54019.54,54019.54,54019.54,54019.54,0.00352
2021-10-07 19:52:00,54034.43,54034.43,54019.22,54025.75,0.06683
2021-10-07 19:53:00,54045.42,54045.42,54019.99,54043.8,0.23689
2021-10-07 19:54:00,54019.92,54033.55,54002.42,54009.06,0.55493
2021-10-07 19:55:00,54029.39,54029.39,54004.62,54004.62,0.01054
2021-10-07 19:56:00,54004.66,54014.05,53923.05,53933.64,3.649
2021-10-07 19:57:00,53927.79,53952.78,53905.67,53906.42,0.54451
2021-10-07 19:58:00,53934.1,53934.1,53921.69,53921.7,0.10092
2021-10-07 19:59:00,53928.22,53992.7,53928.22,53966.06,0.26581
2021-10-07 20:00:00,53971.67,54026.18,53971.67,54008.9,0.18736
2021-10-07 20:01:00,54017.19,54034.67,54004.76,54022.24,0.06947
2021-10-07 20:02:00,54007.14,54017.96,53975.95,54007.11,0.35642
2021-10-07 20:03:00,54017.65,54037.6,54000.25,54037.6,0.08231
2021-10-07 20:04:00,54026.12,54068.06,54017.45,54034.24,2.01278
2021-10-07 20:05:00,54076.39,54078.79,54059.96,54059.96,0.24898
2021-10-07 20:06:00,54035.29,54036.0,54023.33,54023.33,0.13725
2021-10-07 20:07:00,54006.24,54006.24,53929.54,53929.54,0.08557
2021-10-07 20:08:00,53944.61,53999.05,53930.32,53999.05,0.15884
2021-10-07 20:09:00,54014.72,54022.13,53985.08,54001.24,0.56932
2021-10-07 20:10:00,53986.98,53986.98,53972.19,53972.19,0.04932
2021-10-07 20:11:00,53985.46,53985.46,53944.05,53977.41,0.11504
2021-10-07 20:12:00,53979.06,53979.06,53937.01,53956.1,0.62219
2021-10-07 20:13:00,53943.56,53960.12,53904.39,53948.6,1.06539
2021-10-07 20:14:00,53952.16,53955.99,53947.56,53948.68,0.06766
2021-10-07 20:15:00,53936.44,53958.4,53927.31,53958.4,0.1987
2021-10-07 20:16:00,53957.27,53959.29,53955.02,53955.02,0.05445
2021-10-07 20:17:00,53954.73,53975.61,53954.73,53975.61,0.0721
2021-10-07 20:18:00,53968.07,54013.24,53968.07,53998.68,0.19746
2021-10-07 20:19:00,54005.33,54071.39,53998.74,54071.39,0.4457
2021-10-07 20:20:00,54057.6,54176.03,54046.11,54157.15,0.67903
2021-10-07 20:21:00,54155.31,54177.01,54147.58,54163.83,0.55632
2021-10-07 20:22:00,54174.11,54187.16,54133.72,54151.37,0.92941
2021-10-07 20:23:00,54171.6,54197.47,54153.11,54189.81,0.31959
2021-10-07 20:24:00,54179.29,54179.29,54179.29,54179.29,0.01006
2021-10-07 20:25:00,54198.05,54234.78,54172.95,54209.25,0.79786
2021-10-07 20:26:00,54207.25,54269.13,54207.25,54268.35,0.45902
2021-10-07 20:27:00,54272.5,54275.2,54222.63,54241.64,0.16419
2021-10-07 20:28:00,54244.12,54250.84,54231.71,54246.46,0.21429
2021-10-07 20:29:00,54234.32,54243.47,54206.46,54233.03,0.91695
2021-10-07 20:30:00,54237.6,54237.6,54193.19,54196.39,0.11824
2021-10-07 20:31:00,54197.6,54224.07,54172.9,54194.03,0.75968
2021-10-07 20:32:00,54184.28,54223.29,54176.39,54218.31,1.56673
2021-10-07 20:33:00,54204.59,54204.59,54156.76,54156.76,0.23304
2021-10-07 20:34:00,54167.46,54175.42,54156.76,54162.66,0.05246
2021-10-07 20:35:00,54177.05,54210.63,54174.07,54205.0,0.13901
2021-10-07 20:36:00,54170.34,54219.66,54160.43,54206.9,0.19619
2021-10-07 20:37:00,54208.08,54208.08,54164.48,54186.51,0.11402
2021-10-07 20:38:00,54186.51,54193.57,54169.45,54191.72,0.18944
2021-10-07 20:39:00,54168.86,54227.77,54168.85,54219.65,1.26038
2021-10-07 20:40:00,54222.78,54264.39,54222.78,54254.4,0.11583
2021-10-07 20:41:00,54241.28,54261.01,54221.7,54251.3,0.19077
2021-10-07 20:42:00,54240.62,54251.12,54234.66,54246.06,0.27574
2021-10-07 20:43:00,54242.25,54248.05,54241.96,54241.96,0.03067
2021-10-07 20:44:00,54221.8,54230.78,54214.38,54225.23,0.20741
2021-10-07 20:45:00,54223.31,54254.87,54210.08,54248.37,0.14801
2021-10-07 20:46:00,54240.41,54240.41,54199.66,54214.11,0.39592
2021-10-07 20:47:00,54210.37,54210.77,54147.58,54178.15,1.72346
2021-10-07 20:48:00,54182.86,54182.86,54171.08,54171.08,0.00946
2021-10-07 20:49:00,54174.02,54174.02,54167.08,54171.38,0.11376
2021-10-07 20:50:00,54171.38,54171.38,54122.21,54147.94,0.20651
2021-10-07 20:51:00,54147.63,54168.53,54140.13,54155.33,0.12233
2021-10-07 20:52:00,54167.63,54188.57,54155.33,54187.53,0.02738
2021-10-07 20:53:00,54191.12,54202.07,54162.98,54185.75,0.09945
2021-10-07 20:54:00,54177.09,54190.56,54177.09,54190.55,0.01769
2021-10-07 20:55:00,54165.92,54346.87,54161.58,54298.48,3.0006
2021-10-07 20:56:00,54269.55,54275.26,54148.49,54174.52,0.58467
2021-10-07 20:57:00,54175.98,54182.58,54162.64,54182.58,0.09317
2021-10-07 20:58:00,54205.28,54230.81,54199.87,54200.0,0.26891
2021-10-07 20:59:00,54189.0,54227.27,54166.55,54193.22,0.27235
2021-10-07 21:00:00,54205.59,54205.59,54153.16,54156.17,0.0805
2021-10-07 21:01:00,54169.82,54169.82,54146.38,54146.38,0.04391
2021-10-07 21:02:00,54146.38,54147.46,54077.84,54146.62,2.83467
2021-10-07 21:03:00,54151.53,54202.37,54151.53,54167.07,0.07344
2021-10-07 21:04:00,54199.44,54216.89,54199.44,54201.46,0.06713
2021-10-07 21:05:00,54213.51,54213.51,54197.1,54200.03,0.15735
2021-10-07 21:06:00,54217.02,54242.27,54196.42,54196.42,0.23747
2021-10-07 21:07:00,54217.33,54243.37,54209.55,54222.85,0.37613
2021-10-07 21:08:00,54222.56,54255.8,54216.77,54223.89,1.41987
2021-10-07 21:09:00,54250.09,54295.09,54243.77,54248.78,0.73439
2021-10-07 21:10:00,54242.85,54273.84,54226.89,54234.08,0.28887
2021-10-07 21:11:00,54241.44,54249.64,54232.11,54233.16,0.08321
2021-10-07 21:12:00,54245.75,54263.84,54231.79,54243.01,0.20771
2021-10-07 21:13:00,54242.59,54271.47,54218.18,54258.28,0.10807
2021-10-07 21:14:00,54265.28,54293.64,54250.44,54256.48,0.78655
2021-10-07 21:15:00,54254.81,54260.06,54241.07,54242.32,0.02143
2021-10-07 21:16:00,54242.93,54351.21,54242.93,54300.41,1.38604
2021-10-07 21:17:00,54312.82,54340.48,54305.1,54316.9,0.36874
2021-10-07 21:18:00,54280.24,54300.1,54280.24,54281.52,0.26014
2021-10-07 21:19:00,54287.98,54335.55,54276.73,54317.21,1.30821
2021-10-07 21:20:00,54297.18,54304.29,54274.66,54300.75,0.10564
2021-10-07 21:21:00,54309.04,54339.93,54305.85,54339.93,0.14439
2021-10-07 21:22:00,54320.98,54352.42,54320.98,54352.42,0.23465
2021-10-07 21:23:00,54352.41,54357.06,54342.91,54357.06,0.02124
2021-10-07 21:24:00,54351.97,54358.69,54328.02,54328.02,0.18114
2021-10-07 21:25:00,54343.21,54358.77,54319.97,54319.97,0.29725
2021-10-07 21:26:00,54325.07,54346.44,54322.86,54346.44,0.26051
2021-10-07 21:27:00,54335.37,54351.9,54314.53,54314.53,1.32252
2021-10-07 21:28:00,54313.41,54406.78,54313.4,54406.78,1.94
2021-10-07 21:29:00,54394.31,54443.68,54385.31,54443.68,0.52131
2021-10-07 21:30:00,54434.5,54457.0,54408.67,54457.0,1.65782
2021-10-07 21:31:00,54457.68,54468.0,54423.61,54468.0,0.28796
2021-10-07 21:32:00,54462.71,54489.85,54445.6,54473.45,0.60681
2021-10-07 21:33:00,54477.64,54488.74,54466.98,54485.88,0.02356
2021-10-07 21:34:00,54486.38,54488.44,54461.95,54468.0,0.26764
2021-10-07 21:35:00,54485.21,54485.27,54471.55,54472.16,0.44489
2021-10-07 21:36:00,54472.16,54489.08,54472.15,54489.07,0.28709
2021-10-07 21:37:00,54486.28,54500.0,54477.05,54500.0,0.44719
2021-10-07 21:38:00,54500.0,54511.47,54479.01,54494.26,0.22685
2021-10-07 21:39:00,54496.61,54513.3,54493.69,54499.36,1.04001
2021-10-07 21:40:00,54500.08,54519.08,54496.54,54519.08,0.07336
2021-10-07 21:41:00,54508.3,54523.13,54508.3,54517.45,0.1753
2021-10-07 21:42:00,54500.01,54510.0,54500.0,54510.0,0.09873
2021-10-07 21:43:00,54507.63,54510.0,54500.0,54508.59,0.21676
2021-10-07 21:44:00,54510.0,54516.73,54500.0,54500.01,0.62699
2021-10-07 21:45:00,54512.25,54515.57,54448.14,54448.14,1.90157
2021-10-07 21:46:00,54459.95,54459.95,54447.16,54455.29,0.05012
2021-10-07 21:47:00,54453.34,54453.34,54354.96,54354.96,0.13174
2021-10-07 21:48:00,54353.14,54353.14,54301.77,54328.97,0.24519
2021-10-07 21:49:00,54321.82,54358.95,54321.82,54358.95,0.08101
2021-10-07 21:50:00,54341.88,54346.77,54336.76,54346.77,0.04094
2021-10-07 21:51:00,54343.34,54362.32,54343.34,54358.24,0.47344
2021-10-07 21:52:00,54340.28,54342.68,54319.77,54342.68,0.64671
2021-10-07 21:53:00,54342.62,54342.62,54293.83,54293.83,0.12333
2021-10-07 21:54:00,54285.77,54295.55,54236.32,54265.7,0.72337
2021-10-07 21:55:00,54278.68,54318.41,54276.81,54278.13,0.42302
2021-10-07 21:56:00,54286.37,54294.53,54276.43,54276.43,0.12617
2021-10-07 21:57:00,54300.0,54344.35,54300.0,54325.54,0.4242
2021-10-07 21:58:00,54318.16,54318.16,54254.48,54265.86,0.21672
2021-10-07 21:59:00,54286.52,54317.61,54286.52,54286.96,0.31729
2021-10-07 22:00:00,54294.3,54362.69,54294.3,54338.43,0.22339
2021-10-07 22:01:00,54359.12,54359.12,54207.33,54234.51,1.08551
2021-10-07 22:02:00,54220.17,54239.5,54201.0,54216.31,0.35106
2021-10-07 22:03:00,54260.57,54278.27,54244.81,54261.92,0.64773
2021-10-07 22:04:00,54253.02,54254.46,54143.65,54205.94,1.47026
2021-10-07 22:05:00,54237.33,54237.33,54201.88,54216.93,0.16732
2021-10-07 22:06:00,54221.59,54221.59,54125.95,54161.98,1.1897
2021-10-07 22:07:00,54147.69,54300.01,54135.77,54300.01,1.21724
2021-10-07 22:08:00,54282.23,54532.73,54270.02,54511.29,1.90056
2021-10-07 22:09:00,54512.9,54677.95,54423.84,54425.41,3.90408
2021-10-07 22:10:00,54402.22,54402.22,54224.06,54232.02,0.44471
2021-10-07 22:11:00,54221.64,54221.64,54101.12,54126.58,1.03303
2021-10-07 22:12:00,54132.4,54140.04,53969.09,53990.0,0.80925
2021-10-07 22:13:00,54009.26,54118.58,53997.41,54035.57,1.77297
2021-10-07 22:14:00,54091.14,54094.02,54010.28,54029.96,0.20523
2021-10-07 22:15:00,54057.73,54092.82,54051.59,54078.49,0.14906
2021-10-07 22:16:00,54094.03,54108.24,54094.03,54100.5,0.03673
2021-10-07 22:17:00,54074.26,54074.26,54000.05,54018.37,0.37701
2021-10-07 22:18:00,54000.0,54018.95,53961.11,53997.72,0.74003
2021-10-07 22:19:00,53996.64,54012.06,53895.11,53922.76,3.7697
2021-10-07 22:20:00,53912.41,53920.1,53852.4,53894.52,0.80688
2021-10-07 22:21:00,53933.31,53938.37,53858.92,53901.73,1.60087
2021-10-07 22:22:00,53893.9,53925.99,53850.01,53905.09,1.20983
2021-10-07 22:23:00,53924.25,53971.0,53909.23,53918.28,0.28058
2021-10-07 22:24:00,53957.43,53975.37,53916.37,53928.81,0.25033
2021-10-07 22:25:00,53930.12,54012.09,53930.12,53997.18,0.12884
2021-10-07 22:26:00,53981.97,54003.79,53950.91,53995.73,0.73912
2021-10-07 22:27:00,53978.54,54021.88,53976.65,54021.71,0.58402
2021-10-07 22:28:00,54011.89,54028.36,53978.82,54014.74,0.27588
2021-10-07 22:29:00,53995.19,54014.34,53891.0,53945.55,1.99785
2021-10-07 22:30:00,53916.97,53965.67,53895.78,53949.28,0.60384
2021-10-07 22:31:00,53951.26,53951.26,53866.08,53869.66,0.33968
2021-10-07 22:32:00,53868.62,53939.01,53868.62,53932.77,0.79114
2021-10-07 22:33:00,53916.24,53916.24,53857.2,53876.65,0.10702
2021-10-07 22:34:00,53875.41,53883.16,53800.0,53844.18,0.68198
2021-10-07 22:35:00,53863.23,53877.36,53823.33,53829.08,0.33013
2021-10-07 22:36:00,53814.33,53832.33,53811.0,53822.97,0.20063
2021-10-07 22:37:00,53819.56,53841.18,53803.72,53838.16,0.73797
2021-10-07 22:38:00,53842.57,53898.66,53842.57,53859.39,0.19988
2021-10-07 22:39:00,53832.04,53902.18,53827.69,53880.5,0.15063
2021-10-07 22:40:00,53898.19,53914.18,53876.06,53876.06,0.39805
2021-10-07 22:41:00,53870.21,53871.74,53835.65,53868.06,0.32927
2021-10-07 22:42:00,53866.66,53885.94,53819.35,53831.71,0.58963
2021-10-07 22:43:00,53832.14,53849.6,53600.0,53787.11,7.06246
2021-10-07 22:44:00,53787.44,53836.87,53787.44,53808.53,0.48418
2021-10-07 22:45:00,53812.28,53877.63,53802.63,53872.39,0.24369
2021-10-07 22:46:00,53870.85,53888.88,53865.04,53882.82,0.70575
2021-10-07 22:47:00,53855.18,53910.62,53855.18,53895.96,0.41639
2021-10-07 22:48:00,53914.3,53914.47,53899.87,53899.87,0.10667
2021-10-07 22:49:00,53888.22,53911.19,53870.82,53895.77,0.07512
2021-10-07 22:50:00,53894.95,53977.63,53894.95,53977.63,0.61478
2021-10-07 22:51:00,53977.05,53977.05,53921.6,53958.55,0.11877
2021-10-07 22:52:00,53916.86,53928.91,53904.07,53926.23,0.19541
2021-10-07 22:53:00,53919.11,53923.4,53889.58,53923.4,0.31142
2021-10-07 22:54:00,53895.79,53916.09,53860.44,53861.64,0.24433
2021-10-07 22:55:00,53871.37,53883.25,53858.16,53872.81,0.27188
2021-10-07 22:56:00,53864.57,53883.25,53857.54,53883.25,1.24652
2021-10-07 22:57:00,53867.32,53881.02,53837.34,53859.86,0.60924
2021-10-07 22:58:00,53901.69,53918.6,53897.28,53897.28,0.35611
2021-10-07 22:59:00,53903.79,53941.97,53899.11,53916.23,0.24802
2021-10-07 23:00:00,53918.04,53918.04,53902.88,53913.32,0.204
2021-10-07 23:01:00,53913.32,53913.32,53861.83,53861.83,0.22192
2021-10-07 23:02:00,53873.0,53873.0,53839.31,53839.31,0.21288
2021-10-07 23:03:00,53821.04,53874.79,53819.77,53859.66,0.38871
2021-10-07 23:04:00,53886.49,53893.0,53860.99,53888.09,0.25863
2021-10-07 23:05:00,53890.45,53905.63,53885.16,53895.19,0.45079
2021-10-07 23:06:00,53909.5,53911.13,53849.82,53859.34,0.63779
2021-10-07 23:07:00,53858.11,53860.32,53839.21,53845.64,0.42054
2021-10-07 23:08:00,53841.79,53861.08,53841.79,53861.08,0.20386
2021-10-07 23:09:00,53853.11,53864.97,53848.27,53864.91,0.10992
2021-10-07 23:10:00,53852.44,53903.11,53852.44,53885.14,0.05792
2021-10-07 23:11:00,53906.5,53906.5,53833.03,53837.49,0.09526
2021-10-07 23:12:00,53848.76,53861.52,53833.43,53861.52,0.35936
2021-10-07 23:13:00,53860.9,53874.74,53839.38,53874.74,0.25607
2021-10-07 23:14:00,53874.29,53884.17,53847.29,53847.29,1.49256
2021-10-07 23:15:00,53827.71,53868.77,53777.38,53777.38,1.21944
2021-10-07 23:16:00,53796.71,53820.97,53786.93,53820.97,0.42961
2021-10-07 23:17:00,53807.92,53834.74,53770.84,53834.74,0.7385
2021-10-07 23:18:00,53843.52,53885.3,53838.16,53885.3,0.18634
2021-10-07 23:19:00,53878.51,53881.33,53845.05,53852.77,0.04398
2021-10-07 23:20:00,53860.8,53890.9,53860.11,53861.34,0.09694
2021-10-07 23:21:00,53885.08,53891.49,53856.81,53891.49,0.08192
2021-10-07 23:22:00,53873.02,53873.02,53871.76,53871.76,0.21154
2021-10-07 23:23:00,53885.78,53928.63,53885.78,53928.63,0.08619
2021-10-07 23:24:00,53939.52,53952.89,53939.52,53946.91,0.0444
2021-10-07 23:25:00,53949.63,53988.17,53925.16,53928.35,0.9129
2021-10-07 23:26:00,53931.76,53931.76,53887.47,53887.8,0.00813
2021-10-07 23:27:00,53861.53,53866.62,53861.3,53866.62,0.05277
2021-10-07 23:28:00,53870.65,53870.65,53846.91,53852.59,0.07827
2021-10-07 23:29:00,53852.59,53858.1,53833.31,53852.88,0.51593
2021-10-07 23:30:00,53837.81,53866.93,53793.36,53793.36,0.067
2021-10-07 23:31:00,53815.15,53831.58,53618.66,53656.5,5.24442
2021-10-07 23:32:00,53647.2,53766.1,53647.2,53748.0,1.03816
2021-10-07 23:33:00,53742.55,53782.82,53718.54,53782.61,0.50712
2021-10-07 23:34:00,53764.74,53804.11,53760.98,53801.81,0.07432
2021-10-07 23:35:00,53799.43,53885.22,53799.43,53885.22,1.09836
2021-10-07 23:36:00,53884.87,53884.87,53833.93,53835.34,0.19051
2021-10-07 23:37:00,53843.75,53847.76,53801.09,53809.39,1.04284
2021-10-07 23:38:00,53817.57,53817.57,53783.65,53793.72,0.55082
2021-10-07 23:39:00,53804.34,53804.34,53749.15,53770.43,0.56912
2021-10-07 23:40:00,53773.85,53781.1,53766.12,53766.12,0.11075
2021-10-07 23:41:00,53771.16,53771.16,53709.93,53709.93,0.17984
2021-10-07 23:42:00,53710.72,53731.12,53696.04,53721.9,0.38939
2021-10-07 23:43:00,53723.38,53765.43,53723.14,53741.88,0.79154
2021-10-07 23:44:00,53733.33,53734.44,53719.25,53725.22,0.66344
2021-10-07 23:45:00,53719.25,53736.83,53719.25,53736.83,0.44928
2021-10-07 23:46:00,53747.99,53762.56,53734.18,53748.31,0.21926
2021-10-07 23:47:00,53749.33,53761.64,53731.02,53761.64,0.05737
2021-10-07 23:48:00,53750.5,53751.74,53746.72,53748.35,0.03652
2021-10-07 23:49:00,53759.81,53807.89,53755.69,53807.89,0.45382
2021-10-07 23:50:00,53801.22,53848.05,53795.14,53833.42,0.33354
2021-10-07 23:51:00,53837.21,53837.21,53812.03,53820.15,0.03038
2021-10-07 23:52:00,53790.0,53800.59,53767.12,53800.59,0.17574
2021-10-07 23:53:00,53802.65,53815.98,53788.66,53804.32,0.1092
2021-10-07 23:54:00,53812.0,53827.15,53777.48,53783.71,0.10302
2021-10-07 23:55:00,53770.75,53770.75,53763.05,53763.05,0.02477
2021-10-07 23:56:00,53772.09,53772.09,53754.41,53754.41,0.05878
2021-10-07 23:57:00,53772.4,53795.26,53772.4,53791.78,0.03382
2021-10-07 23:58:00,53795.26,53800.61,53780.44,53780.44,0.03157
2021-10-07 23:59:00,53785.5,53785.5,53765.26,53767.81,0.00841
2021-10-08 00:00:00,53788.03,53830.0,53788.03,53830.0,0.07392
2021-10-08 00:01:00,53841.08,53867.09,53809.76,53849.96,1.49776
2021-10-08 00:02:00,53880.6,53900.1,53774.28,53798.21,1.92801
2021-10-08 00:03:00,53758.87,53988.08,53734.02,53739.02,6.82101
2021-10-08 00:04:00,53755.67,53881.32,53755.67,53820.71,0.39166
2021-10-08 00:05:00,53828.38,53929.78,53824.79,53928.93,0.25692
2021-10-08 00:06:00,53943.63,53949.37,53896.21,53903.84,0.19736
2021-10-08 00:07:00,53927.39,53940.17,53889.81,53891.52,0.08093
2021-10-08 00:08:00,53896.25,53897.06,53820.71,53820.71,2.74106
2021-10-08 00:09:00,53847.37,53862.01,53847.37,53848.67,0.07684
2021-10-08 00:10:00,53868.95,53907.28,53868.95,53907.28,0.46753
2021-10-08 00:11:00,53893.74,53893.91,53878.89,53878.89,0.01313
2021-10-08 00:12:00,53897.08,53945.81,53897.08,53945.81,0.06678
2021-10-08 00:13:00,53934.73,53970.23,53934.73,53967.96,0.24188
2021-10-08 00:14:00,53964.45,53970.46,53960.28,53960.28,0.04978
2021-10-08 00:15:00,53969.29,54003.26,53966.52,53977.44,0.29865
2021-10-08 00:16:00,53968.4,53968.4,53928.9,53954.48,0.4785
2021-10-08 00:17:00,53946.44,53948.02,53940.81,53948.02,0.0728
2021-10-08 00:18:00,53946.12,53950.61,53934.02,53946.45,0.05438
2021-10-08 00:19:00,53945.38,53964.97,53945.38,53964.97,0.35378
2021-10-08 00:20:00,53966.73,53984.18,53966.73,53983.2,0.16967
2021-10-08 00:21:00,53988.17,54029.42,53988.17,54009.26,0.94337
2021-10-08 00:22:00,54034.16,54055.88,54034.16,54055.88,0.17839
2021-10-08 00:23:00,54054.61,54054.61,54035.5,54054.23,0.04529
2021-10-08 00:24:00,54053.71,54053.71,54039.1,54039.1,0.01947
2021-10-08 00:25:00,54056.59,54056.59,54038.1,54053.84,0.02982
2021-10-08 00:26:00,54038.82,54038.82,53990.0,54014.55,4.397
2021-10-08 00:27:00,54021.4,54038.63,54014.29,54030.97,0.21185
2021-10-08 00:28:00,54028.35,54036.95,54006.54,54011.26,0.88013
2021-10-08 00:29:00,54034.41,54045.04,54034.41,54045.04,0.01471
2021-10-08 00:30:00,54055.06,54121.44,54055.06,54088.13,1.85839
2021-10-08 00:31:00,54094.76,54111.97,54061.31,54086.37,0.14124
2021-10-08 00:32:00,54066.88,54108.4,54066.88,54106.84,0.18035
2021-10-08 00:33:00,54106.84,54130.69,54097.56,54120.0,0.38083
2021-10-08 00:34:00,54139.83,54139.83,54090.18,54090.18,0.47231
2021-10-08 00:35:00,54100.42,54113.14,54070.34,54075.88,0.06121
2021-10-08 00:36:00,54067.25,54067.25,54037.35,54037.35,0.33372
2021-10-08 00:37:00,54055.96,54055.96,54025.56,54025.56,0.2684
2021-10-08 00:38:00,54021.18,54048.05,54021.18,54039.18,0.08349
2021-10-08 00:39:00,54039.81,54048.35,54018.02,54034.4,0.11699
2021-10-08 00:40:00,54042.85,54055.51,54021.84,54022.23,0.03419
2021-10-08 00:41:00,54031.47,54073.42,54030.67,54073.42,0.31
2021-10-08 00:42:00,54073.42,54086.92,54063.93,54086.92,0.09724
2021-10-08 00:43:00,54093.56,54095.76,54069.03,54088.22,0.17008
2021-10-08 00:44:00,54093.47,54196.27,54093.47,54175.82,6.42225
2021-10-08 00:45:00,54194.96,54194.96,54152.61,54170.3,0.1133
2021-10-08 00:46:00,54152.89,54183.06,54152.89,54169.84,0.0526
2021-10-08 00:47:00,54151.39,54151.39,54137.9,54137.9,0.12945
2021-10-08 00:48:00,54124.31,54150.0,54122.22,54146.47,0.11418
2021-10-08 00:49:00,54138.55,54207.97,54135.4,54199.32,0.57535
2021-10-08 00:50:00,54195.33,54248.57,54195.33,54231.98,0.72091
2021-10-08 00:51:00,54224.14,54224.14,54206.88,54206.88,0.00946
2021-10-08 00:52:00,54212.49,54219.38,54175.84,54178.85,0.61611
2021-10-08 00:53:00,54186.77,54186.77,54158.71,54165.06,0.10164
2021-10-08 00:54:00,54157.92,54177.71,54152.77,54164.81,0.25701
2021-10-08 00:55:00,54154.67,54154.67,54125.3,54125.3,0.17912
2021-10-08 00:56:00,54116.83,54149.12,54114.13,54136.97,0.60681
2021-10-08 00:57:00,54132.42,54162.28,54132.42,54142.78,0.03697
2021-10-08 00:58:00,54143.48,54148.13,54123.28,54131.41,0.08264
2021-10-08 00:59:00,54149.7,54149.7,54126.51,54126.51,0.02568
2021-10-08 01:00:00,54122.66,54148.96,54122.66,54148.96,0.13409
2021-10-08 01:01:00,54161.58,54172.56,54140.19,54156.38,0.17985
2021-10-08 01:02:00,54171.02,54183.13,54162.22,54170.94,0.0234
2021-10-08 01:03:00,54188.97,54193.41,54171.22,54179.11,0.92639
2021-10-08 01:04:00,54182.73,54204.82,54177.04,54177.04,0.1453
2021-10-08 01:05:00,54181.91,54200.53,54181.91,54200.53,0.05801
2021-10-08 01:06:00,54204.22,54240.44,54187.48,54240.44,0.05408
2021-10-08 01:07:00,54226.65,54247.68,54220.58,54220.58,0.56145
2021-10-08 01:08:00,54233.45,54235.5,54214.59,54222.42,0.98757
2021-10-08 01:09:00,54217.71,54223.11,54216.04,54216.04,0.28988
2021-10-08 01:10:00,54229.6,54244.3,54167.43,54177.86,1.57001
2021-10-08 01:11:00,54177.75,54190.18,54163.97,54190.18,0.50843
2021-10-08 01:12:00,54194.56,54194.56,54147.11,54147.11,0.30455
2021-10-08 01:13:00,54161.23,54192.9,54158.47,54192.9,0.02233
2021-10-08 01:14:00,54185.9,54200.65,54176.12,54195.82,0.27788
2021-10-08 01:15:00,54203.26,54207.91,54184.87,54184.87,0.82944
2021-10-08 01:16:00,54194.76,54194.76,54162.88,54162.88,0.13181
2021-10-08 01:17:00,54153.79,54153.79,54122.74,54122.74,0.34083
2021-10-08 01:18:00,54113.47,54113.47,54093.95,54094.97,1.36855
2021-10-08 01:19:00,54079.11,54109.68,54068.12,54083.04,0.12455
2021-10-08 01:20:00,54070.35,54097.12,54061.13,54076.59,0.2539
2021-10-08 01:21:00,54077.94,54107.13,54064.19,54091.6,0.15737
2021-10-08 01:22:00,54096.77,54112.04,54072.54,54079.2,0.42269
2021-10-08 01:23:00,54121.25,54166.2,54110.12,54166.2,0.11429
2021-10-08 01:24:00,54160.37,54165.7,54155.59,54155.59,0.06785
2021-10-08 01:25:00,54142.53,54199.06,54142.53,54190.77,0.03016
2021-10-08 01:26:00,54206.82,54229.25,54177.39,54229.25,0.18139
2021-10-08 01:27:00,54224.7,54279.76,54224.7,54267.23,0.47901
2021-10-08 01:28:00,54267.64,54281.74,54251.27,54281.71,0.30352
2021-10-08 01:29:00,54276.84,54314.4,54274.36,54274.36,0.7785
2021-10-08 01:30:00,54295.18,54312.02,54228.79,54242.23,0.11642
2021-10-08 01:31:00,54245.88,54245.88,54202.12,54208.37,0.11443
2021-10-08 01:32:00,54210.7,54238.38,54204.3,54238.38,0.02483
2021-10-08 01:33:00,54234.16,54279.46,54234.16,54279.46,0.05709
2021-10-08 01:34:00,54266.07,54342.19,54266.07,54327.65,1.72151
2021-10-08 01:35:00,54292.15,54292.58,54269.97,54276.44,0.07022
2021-10-08 01:36:00,54268.83,54361.3,54266.71,54361.3,0.90093
2021-10-08 01:37:00,54355.0,54411.95,54355.0,54382.91,0.2091
2021-10-08 01:38:00,54402.75,54402.75,54371.94,54387.23,0.48695
2021-10-08 01:39:00,54382.3,54405.8,54382.3,54400.0,0.42939
2021-10-08 01:40:00,54377.6,54377.64,54333.6,54333.6,0.39934
2021-10-08 01:41:00,54329.43,54331.52,54297.8,54307.23,0.09543
2021-10-08 01:42:00,54317.38,54352.81,54317.38,54350.29,0.08138
2021-10-08 01:43:00,54338.98,54338.98,54314.36,54316.31,0.05612
2021-10-08 01:44:00,54334.83,54350.29,54271.79,54286.5,0.63052
2021-10-08 01:45:00,54285.2,54295.89,54280.49,54280.49,0.10578
2021-10-08 01:46:00,54268.7,54268.7,54221.69,54221.69,0.20993
2021-10-08 01:47:00,54214.41,54229.93,54194.59,54206.34,0.65012
2021-10-08 01:48:00,54206.34,54241.51,54206.34,54240.25,0.32148
2021-10-08 01:49:00,54281.06,54288.39,54262.73,54281.66,0.07589
2021-10-08 01:50:00,54225.71,54240.84,54225.71,54240.84,0.0354
2021-10-08 01:51:00,54267.08,54293.62,54267.08,54291.31,0.36097
2021-10-08 01:52:00,54273.25,54307.05,54273.25,54283.91,0.22978
2021-10-08 01:53:00,54309.65,54309.87,54278.65,54284.95,1.69776
2021-10-08 01:54:00,54302.54,54302.54,54267.65,54280.42,0.16806
2021-10-08 01:55:00,54265.65,54318.02,54265.65,54292.66,0.79273
2021-10-08 01:56:00,54297.18,54308.74,54297.11,54308.74,0.3724
2021-10-08 01:57:00,54294.36,54321.75,54294.36,54311.19,0.09672
2021-10-08 01:58:00,54325.83,54325.83,54297.92,54313.74,0.04061
2021-10-08 01:59:00,54321.82,54321.82,54302.13,54319.86,0.08316
2021-10-08 02:00:00,54326.05,54335.34,54280.55,54281.28,0.36684
2021-10-08 02:01:00,54303.0,54341.73,54303.0,54338.86,0.10856
2021-10-08 02:02:00,54329.44,54388.52,54329.44,54380.74,0.95964
2021-10-08 02:03:00,54397.49,54423.83,54397.49,54419.22,0.10225
2021-10-08 02:04:00,54427.88,54434.41,54394.35,54394.35,0.04936
2021-10-08 02:05:00,54382.67,54382.67,54345.31,54345.31,0.44302
2021-10-08 02:06:00,54341.7,54366.91,54318.69,54332.74,0.93323
2021-10-08 02:07:00,54324.08,54324.08,54310.28,54317.67,0.11929
2021-10-08 02:08:00,54311.78,54311.78,54267.06,54302.4,0.98099
2021-10-08 02:09:00,54251.98,54251.98,54208.27,54208.27,0.01411
2021-10-08 02:10:00,54238.79,54238.79,54183.93,54197.64,0.54313
2021-10-08 02:11:00,54186.47,54222.14,54179.77,54179.77,0.22791
2021-10-08 02:12:00,54176.06,54190.02,54156.16,54181.58,0.07798
2021-10-08 02:13:00,54186.88,54202.45,54143.65,54179.84,0.70218
2021-10-08 02:14:00,54200.9,54200.9,54179.67,54180.43,0.01229
2021-10-08 02:15:00,54187.72,54199.44,54179.84,54191.18,0.85282
2021-10-08 02:16:00,54193.82,54260.0,54193.82,54241.05,0.36518
2021-10-08 02:17:00,54225.51,54234.29,54208.96,54208.96,0.13712
2021-10-08 02:18:00,54208.45,54221.17,54158.06,54158.06,1.14928
2021-10-08 02:19:00,54153.52,54176.5,54128.26,54141.03,0.15667
2021-10-08 02:20:00,54136.04,54142.43,54092.68,54126.93,1.11444
2021-10-08 02:21:00,54116.53,54127.43,54116.53,54127.39,0.06151
2021-10-08 02:22:00,54113.04,54113.04,54081.25,54081.25,2.92921
2021-10-08 02:23:00,54095.17,54103.74,54073.08,54103.74,0.56395
2021-10-08 02:24:00,54118.75,54119.46,54096.49,54096.49,0.39823
2021-10-08 02:25:00,54093.78,54100.62,54087.75,54087.75,0.3999
2021-10-08 02:26:00,54089.62,54096.89,54060.85,54077.23,0.41893
2021-10-08 02:27:00,54099.11,54171.22,54015.0,54045.26,4.12538
2021-10-08 02:28:00,54026.23,54045.75,53940.68,53941.79,1.36777
2021-10-08 02:29:00,53940.68,53940.68,53843.93,53880.3,0.79246
2021-10-08 02:30:00,53885.0,53969.66,53839.26,53963.97,2.19589
2021-10-08 02:31:00,53971.39,53971.39,53926.44,53961.18,0.09475
2021-10-08 02:32:00,53967.76,53967.76,53853.41,53921.23,1.00129
2021-10-08 02:33:00,53879.51,53881.56,53864.03,53866.57,0.05531
2021-10-08 02:34:00,53870.13,53870.13,53815.48,53829.96,0.90067
2021-10-08 02:35:00,53835.02,53901.23,53810.75,53899.53,0.7195
2021-10-08 02:36:00,53889.35,53889.35,53839.32,53863.99,0.12828
2021-10-08 02:37:00,53875.94,53921.89,53875.94,53892.16,0.24277
2021-10-08 02:38:00,53904.85,53907.71,53884.17,53884.17,0.1254
2021-10-08 02:39:00,53862.12,53886.14,53847.29,53870.11,0.19257
2021-10-08 02:40:00,53878.39,53906.14,53867.47,53890.93,1.00533
2021-10-08 02:41:00,53893.36,53943.51,53889.67,53927.08,0.5386
2021-10-08 02:42:00,53925.27,53946.48,53920.51,53938.49,0.13046
2021-10-08 02:43:00,53935.14,53964.84,53928.78,53928.78,0.9855
2021-10-08 02:44:00,53927.19,53957.23,53927.19,53957.23,0.06104
2021-10-08 02:45:00,53957.38,53996.08,53957.24,53996.08,0.24474
2021-10-08 02:46:00,53977.12,54019.78,53977.12,54018.28,0.047
2021-10-08 02:47:00,54020.66,54044.47,54003.32,54017.28,0.50973
2021-10-08 02:48:00,54008.28,54054.26,53988.27,54054.26,0.58406
2021-10-08 02:49:00,54056.59,54068.04,54011.72,54032.57,0.50576
2021-10-08 02:50:00,54014.07,54014.75,53999.07,54014.08,0.03516
2021-10-08 02:51:00,54002.43,54021.02,53969.72,53974.89,2.03619
2021-10-08 02:52:00,53977.03,53981.68,53970.95,53981.68,0.06536
2021-10-08 02:53:00,53977.1,53982.32,53923.62,53925.12,0.91922
2021-10-08 02:54:00,53926.01,53926.01,53884.9,53899.68,1.07491
2021-10-08 02:55:00,53893.41,53901.12,53844.93,53853.81,1.2169
2021-10-08 02:56:00,53836.56,53873.92,53833.88,53851.24,0.25159
2021-10-08 02:57:00,53826.15,53842.86,53813.87,53842.86,1.09835
2021-10-08 02:58:00,53885.64,53905.89,53842.65,53842.65,0.95274
2021-10-08 02:59:00,53850.75,53877.2,53846.88,53863.59,0.16733
2021-10-08 03:00:00,53851.93,53882.65,53851.93,53882.39,0.1006
2021-10-08 03:01:00,53927.69,53927.69,53892.56,53894.27,0.11298
2021-10-08 03:02:00,53882.65,53882.65,53853.37,53853.37,0.25666
2021-10-08 03:03:00,53834.69,53847.44,53825.7,53837.57,0.31927
2021-10-08 03:04:00,53830.97,53881.36,53825.96,53876.67,0.2108
2021-10-08 03:05:00,53871.64,53897.13,53866.11,53866.11,0.25436
2021-10-08 03:06:00,53881.44,53893.11,53861.41,53861.41,0.04611
2021-10-08 03:07:00,53846.65,53856.06,53842.38,53844.44,0.10861
2021-10-08 03:08:00,53834.87,53860.63,53821.76,53838.65,0.08429
2021-10-08 03:09:00,53826.5,53843.2,53794.9,53827.45,0.1913
2021-10-08 03:10:00,53821.41,53837.55,53787.8,53797.91,0.19818
2021-10-08 03:11:00,53798.92,53798.92,53735.5,53754.13,0.95261
2021-10-08 03:12:00,53768.45,53779.22,53734.02,53779.22,0.1066
2021-10-08 03:13:00,53778.0,53805.7,53764.95,53805.7,0.061
2021-10-08 03:14:00,53832.02,53832.02,53793.41,53801.83,0.4331
2021-10-08 03:15:00,53815.62,53828.15,53759.55,53759.55,0.45406
2021-10-08 03:16:00,53759.55,53759.55,53720.84,53748.77,0.83151
2021-10-08 03:17:00,53739.32,53771.33,53739.32,53746.91,0.02046
2021-10-08 03:18:00,53768.23,53852.56,53759.58,53852.56,0.14527
2021-10-08 03:19:00,53852.56,53869.67,53825.82,53845.17,0.36408
2021-10-08 03:20:00,53838.0,53871.97,53838.0,53855.16,0.03693
2021-10-08 03:21:00,53871.95,53900.93,53871.95,53897.13,0.08929
2021-10-08 03:22:00,53844.96,53857.7,53828.97,53857.7,0.15968
2021-10-08 03:23:00,53862.29,53862.29,53814.22,53828.44,0.50795
2021-10-08 03:24:00,53841.69,53849.62,53826.95,53849.62,0.11107
2021-10-08 03:25:00,53825.56,53825.56,53802.49,53810.9,0.28255
2021-10-08 03:26:00,53810.9,53839.36,53799.46,53822.78,0.11047
2021-10-08 03:27:00,53818.37,53851.0,53818.37,53822.96,0.0797
2021-10-08 03:28:00,53771.3,53787.87,53734.02,53734.02,1.74628
2021-10-08 03:29:00,53726.99,53744.46,53710.8,53744.46,0.01696
2021-10-08 03:30:00,53737.9,53806.76,53737.9,53806.76,0.07278
2021-10-08 03:31:00,53806.04,53837.35,53806.04,53815.82,0.01359
2021-10-08 03:32:00,53806.85,53846.54,53806.85,53836.07,0.19681
2021-10-08 03:33:00,53816.29,53859.12,53805.49,53859.12,0.15258
2021-10-08 03:34:00,53871.16,53871.16,53835.53,53854.61,0.31124
2021-10-08 03:35:00,53869.9,53955.98,53869.9,53917.41,1.28213
2021-10-08 03:36:00,53938.58,53945.42,53879.77,53879.77,0.24146
2021-10-08 03:37:00,53892.19,53893.03,53851.95,53851.95,0.51875
2021-10-08 03:38:00,53830.67,53843.16,53826.52,53842.26,0.01284
2021-10-08 03:39:00,53820.88,53851.84,53819.53,53851.84,0.35458
2021-10-08 03:40:00,53835.09,53835.09,53787.97,53798.63,0.04451
2021-10-08 03:41:00,53786.86,53791.61,53738.53,53740.74,1.18997
2021-10-08 03:42:00,53740.73,53765.68,53740.73,53765.68,0.59335
2021-10-08 03:43:00,53766.01,53792.54,53757.71,53767.22,0.06216
2021-10-08 03:44:00,53755.7,53755.7,53739.2,53739.37,0.03277
2021-10-08 03:45:00,53758.74,53761.45,53749.43,53749.43,0.01327
2021-10-08 03:46:00,53772.13,53797.02,53772.13,53783.88,0.12463
2021-10-08 03:47:00,53800.78,53800.78,53772.62,53794.69,0.05807
2021-10-08 03:48:00,53802.12,53823.71,53802.12,53823.71,0.03845
2021-10-08 03:49:00,53824.24,53831.09,53824.24,53831.09,0.05584
2021-10-08 03:50:00,53855.69,53855.69,53822.98,53829.34,0.12862
2021-10-08 03:51:00,53841.65,53874.5,53841.65,53847.34,0.43036
2021-10-08 03:52:00,53861.1,53861.1,53834.03,53834.03,0.01001
2021-10-08 03:53:00,53834.59,53834.59,53815.75,53832.2,0.0609
2021-10-08 03:54:00,53845.26,53845.26,53802.78,53802.78,0.05751
2021-10-08 03:55:00,53816.23,53834.28,53805.26,53808.53,1.11681
2021-10-08 03:56:00,53806.99,53846.07,53806.99,53846.07,0.02027
2021-10-08 03:57:00,53850.7,53850.7,53810.55,53810.55,0.09417
2021-10-08 03:58:00,53796.6,53835.83,53796.6,53835.82,0.1649
2021-10-08 03:59:00,53808.0,53841.61,53808.0,53841.61,0.03577
2021-10-08 04:00:00,53804.02,53855.09,53800.45,53855.04,0.5144
2021-10-08 04:01:00,53841.5,53842.29,53810.22,53842.29,0.6118
2021-10-08 04:02:00,53830.81,53845.23,53827.63,53827.63,0.14783
2021-10-08 04:03:00,53789.05,53827.63,53789.05,53827.63,0.59293
2021-10-08 04:04:00,53843.35,53843.35,53815.0,53815.0,0.0842
2021-10-08 04:05:00,53798.02,53800.79,53788.68,53800.79,0.09624
2021-10-08 04:06:00,53805.69,53831.25,53805.69,53831.25,0.0431
2021-10-08 04:07:00,53839.14,53839.14,53823.56,53833.91,0.09916
2021-10-08 04:08:00,53828.24,53877.48,53828.24,53863.36,0.10742
2021-10-08 04:09:00,53877.13,53927.2,53873.62,53926.83,0.07964
2021-10-08 04:10:00,53924.74,53936.44,53818.75,53824.56,1.19651
2021-10-08 04:11:00,53838.65,53844.23,53822.09,53828.02,0.07206
2021-10-08 04:12:00,53840.82,53840.82,53806.94,53806.94,0.22257
2021-10-08 04:13:00,53826.85,53863.01,53818.41,53863.01,0.0369
2021-10-08 04:14:00,53842.94,53863.46,53829.74,53850.76,0.17144
2021-10-08 04:15:00,53838.57,53838.57,53816.99,53831.4,0.034
2021-10-08 04:16:00,53817.65,53817.65,53797.43,53812.94,0.04014
2021-10-08 04:17:00,53819.46,53820.7,53788.69,53789.13,0.30441
2021-10-08 04:18:00,53800.86,53847.84,53800.86,53832.98,0.52963
2021-10-08 04:19:00,53853.06,53853.06,53823.05,53823.05,0.05236
2021-10-08 04:20:00,53804.57,53819.1,53797.93,53797.93,0.27197
2021-10-08 04:21:00,53825.88,53845.59,53823.87,53823.87,0.07779
2021-10-08 04:22:00,53855.5,53871.24,53838.25,53865.82,0.04116
2021-10-08 04:23:00,53904.41,53925.19,53886.88,53908.23,0.10667
2021-10-08 04:24:00,53915.06,53958.27,53910.07,53953.2,0.27777
2021-10-08 04:25:00,53957.92,53957.92,53868.73,53916.18,0.34357
2021-10-08 04:26:00,53898.06,53935.92,53896.56,53932.45,0.03221
2021-10-08 04:27:00,53913.09,53924.25,53899.24,53913.47,0.05638
2021-10-08 04:28:00,53913.84,53919.86,53913.84,53919.86,0.00325
2021-10-08 04:29:00,53919.47,53920.97,53911.9,53912.13,0.01066
2021-10-08 04:30:00,53920.97,53920.97,53905.24,53907.93,0.07439
2021-10-08 04:31:00,53890.05,53905.55,53885.01,53903.05,0.05637
2021-10-08 04:32:00,53905.55,53917.99,53903.0,53905.79,0.11832
2021-10-08 04:33:00,53900.95,53913.78,53900.95,53906.92,0.07695
2021-10-08 04:34:00,53889.68,53915.72,53889.68,53915.72,0.04382
2021-10-08 04:35:00,53915.72,53925.49,53885.57,53904.76,2.08131
2021-10-08 04:36:00,53911.22,53917.88,53888.73,53888.73,0.15649
2021-10-08 04:37:00,53889.63,53903.46,53889.63,53891.46,0.0465
2021-10-08 04:38:00,53871.15,53878.67,53862.69,53867.01,0.85478
2021-10-08 04:39:00,53898.27,53943.85,53883.94,53935.74,1.08547
2021-10-08 04:40:00,53926.19,53966.67,53912.27,53914.13,0.91713
2021-10-08 04:41:00,53895.56,53897.74,53878.05,53897.74,0.26252
2021-10-08 04:42:00,53883.47,53916.7,53883.47,53916.7,0.02292
2021-10-08 04:43:00,53924.38,53960.2,53924.38,53960.2,0.06827
2021-10-08 04:44:00,53955.22,53955.22,53933.61,53933.61,0.08596
2021-10-08 04:45:00,53963.32,53986.09,53948.63,53986.09,0.06589
2021-10-08 04:46:00,53987.63,53987.63,53910.32,53915.48,0.17541
2021-10-08 04:47:00,53930.92,53940.04,53910.38,53911.27,0.22636
2021-10-08 04:48:00,53927.65,53946.47,53920.29,53946.47,0.09104
2021-10-08 04:49:00,53952.22,53982.87,53942.61,53968.6,0.04603
2021-10-08 04:50:00,53968.9,53981.2,53930.1,53930.1,1.12852
2021-10-08 04:51:00,53933.94,53944.39,53925.67,53925.67,0.14553
2021-10-08 04:52:00,53922.49,53944.46,53920.0,53944.46,0.08317
2021-10-08 04:53:00,53936.32,53945.57,53936.32,53945.57,0.04199
2021-10-08 04:54:00,53945.84,53961.64,53945.84,53961.64,0.04943
2021-10-08 04:55:00,53965.37,53972.94,53965.37,53970.81,0.05287
2021-10-08 04:56:00,53982.47,53984.26,53926.58,53931.06,1.79585
2021-10-08 04:57:00,53926.23,53945.12,53921.71,53921.71,0.68672
2021-10-08 04:58:00,53910.67,53910.67,53871.93,53875.92,1.52866
2021-10-08 04:59:00,53868.69,53893.83,53868.69,53893.83,0.03814
2021-10-08 05:00:00,53895.92,53895.92,53853.2,53869.29,0.1479
2021-10-08 05:01:00,53893.97,53893.97,53860.95,53861.13,0.1562
2021-10-08 05:02:00,53859.06,53868.42,53848.21,53862.46,0.13639
2021-10-08 05:03:00,53851.29,53851.31,53833.54,53833.54,0.19319
2021-10-08 05:04:00,53830.37,53839.99,53800.0,53803.08,0.08153
2021-10-08 05:05:00,53820.04,53820.04,53777.54,53796.84,0.22269
2021-10-08 05:06:00,53783.32,53788.19,53748.05,53748.05,0.184
2021-10-08 05:07:00,53745.32,53748.77,53627.77,53650.0,0.86612
2021-10-08 05:08:00,53654.55,53746.66,53654.55,53703.02,0.3303
2021-10-08 05:09:00,53689.89,53718.91,53668.53,53718.91,0.87045
2021-10-08 05:10:00,53753.95,53757.35,53698.92,53698.92,0.17011
2021-10-08 05:11:00,53697.55,53719.23,53695.3,53708.88,0.18193
2021-10-08 05:12:00,53708.88,53749.72,53708.86,53749.72,0.14927
2021-10-08 05:13:00,53741.86,53741.86,53739.25,53739.79,0.00447
2021-10-08 05:14:00,53752.06,53752.06,53735.19,53735.19,0.08866
2021-10-08 05:15:00,53750.01,53753.48,53706.54,53706.54,0.06737
2021-10-08 05:16:00,53721.16,53767.53,53657.06,53767.53,2.39556
2021-10-08 05:17:00,53777.0,53804.09,53777.0,53804.09,0.47203
2021-10-08 05:18:00,53798.54,53817.62,53798.54,53817.62,0.02047
2021-10-08 05:19:00,53808.0,53833.3,53788.55,53802.46,0.37568
2021-10-08 05:20:00,53822.18,53849.92,53822.18,53841.14,0.09014
2021-10-08 05:21:00,53845.43,53850.4,53834.05,53838.79,0.01247
2021-10-08 05:22:00,53848.36,53860.42,53833.05,53843.79,0.63705
2021-10-08 05:23:00,53842.29,53842.29,53815.01,53815.01,0.34855
2021-10-08 05:24:00,53780.24,53815.7,53775.0,53815.7,0.05158
2021-10-08 05:25:00,53785.71,53819.01,53785.71,53819.01,0.01868
2021-10-08 05:26:00,53819.01,53846.69,53808.67,53808.67,0.10545
2021-10-08 05:27:00,53791.3,53811.64,53748.04,53768.01,0.82837
2021-10-08 05:28:00,53799.3,53799.3,53759.88,53769.64,0.0464
2021-10-08 05:29:00,53798.55,53798.55,53753.68,53753.68,0.11045
2021-10-08 05:30:00,53753.37,53792.79,53753.37,53776.93,0.18284
2021-10-08 05:31:00,53781.76,53800.22,53765.37,53765.37,0.21243
2021-10-08 05:32:00,53784.49,53784.49,53769.75,53777.52,0.05093
2021-10-08 05:33:00,53794.33,53809.23,53770.39,53777.09,0.1515
2021-10-08 05:34:00,53796.06,53805.09,53767.94,53767.94,0.08963
2021-10-08 05:35:00,53793.15,53828.89,53780.26,53826.09,1.65469
2021-10-08 05:36:00,53848.28,53860.31,53834.73,53846.55,0.30574
2021-10-08 05:37:00,53857.39,53874.71,53837.22,53873.03,0.07832
2021-10-08 05:38:00,53858.14,53864.02,53844.55,53844.55,0.14736
2021-10-08 05:39:00,53829.26,53850.83,53826.17,53850.83,0.24468
2021-10-08 05:40:00,53844.13,53847.44,53832.24,53847.44,0.06687
2021-10-08 05:41:00,53850.8,53862.8,53846.09,53853.02,0.1048
2021-10-08 05:42:00,53864.02,53888.5,53858.14,53888.5,0.20256
2021-10-08 05:43:00,53888.05,53897.84,53875.67,53875.67,0.05257
2021-10-08 05:44:00,53867.7,53870.36,53859.63,53868.32,0.04413
2021-10-08 05:45:00,53858.22,53875.67,53857.74,53875.2,0.09573
2021-10-08 05:46:00,53908.38,53910.63,53908.38,53910.63,0.00837
2021-10-08 05:47:00,53924.2,53927.45,53924.2,53927.45,0.15727
2021-10-08 05:48:00,53917.74,54077.77,53917.74,54022.16,2.79969
2021-10-08 05:49:00,54076.45,54160.27,54025.11,54108.98,4.11049
2021-10-08 05:50:00,54152.5,54172.22,54128.74,54144.4,0.20752
2021-10-08 05:51:00,54148.92,54149.59,54103.89,54105.87,0.21765
2021-10-08 05:52:00,54110.36,54110.36,54049.68,54077.5,0.09636
2021-10-08 05:53:00,54083.51,54083.66,54049.68,54064.12,0.10828
2021-10-08 05:54:00,54079.72,54079.72,54055.85,54067.2,0.11398
2021-10-08 05:55:00,54070.99,54101.74,54070.99,54101.74,0.03542
2021-10-08 05:56:00,54088.9,54135.26,54088.9,54106.36,0.35133
2021-10-08 05:57:00,54097.02,54097.43,54071.44,54078.15,0.27376
2021-10-08 05:58:00,54097.85,54157.93,54097.85,54130.18,0.62028
2021-10-08 05:59:00,54174.76,54187.21,54134.04,54187.21,1.34743
2021-10-08 06:00:00,54190.22,54235.73,54172.94,54201.85,2.12695
2021-10-08 06:01:00,54130.88,54150.25,54121.62,54138.68,0.04728
2021-10-08 06:02:00,54137.47,54186.47,54137.47,54138.83,0.14036
2021-10-08 06:03:00,54144.56,54174.12,54144.56,54174.12,0.02877
2021-10-08 06:04:00,54188.76,54195.3,54166.51,54191.36,0.15963
2021-10-08 06:05:00,54190.74,54195.3,54153.68,54167.63,2.30706
2021-10-08 06:06:00,54143.0,54167.91,54135.79,54151.78,0.06286
2021-10-08 06:07:00,54116.11,54116.11,54115.17,54115.17,0.00394
2021-10-08 06:08:00,54111.54,54138.27,54111.14,54113.29,0.23989
2021-10-08 06:09:00,54119.38,54129.26,54095.35,54122.79,0.44627
2021-10-08 06:10:00,54118.63,54118.8,54097.87,54110.52,0.02947
2021-10-08 06:11:00,54100.28,54127.0,54091.2,54096.59,0.36627
2021-10-08 06:12:00,54113.77,54114.19,54095.48,54103.57,0.04131
2021-10-08 06:13:00,54112.36,54137.51,54109.73,54137.51,0.01562
2021-10-08 06:14:00,54122.5,54122.5,54093.21,54093.77,0.15387
2021-10-08 06:15:00,54124.5,54171.1,54124.5,54171.1,0.38023
2021-10-08 06:16:00,54141.15,54141.15,54110.52,54114.53,0.1752
2021-10-08 06:17:00,54077.84,54077.84,54045.4,54045.4,0.17398
2021-10-08 06:18:00,54062.93,54062.93,54017.1,54017.1,0.18548
2021-10-08 06:19:00,54045.07,54050.96,54016.43,54016.43,0.0793
2021-10-08 06:20:00,54028.67,54050.96,54016.72,54050.96,0.24823
2021-10-08 06:21:00,54050.96,54102.21,54050.95,54052.79,1.06684
2021-10-08 06:22:00,54085.33,54104.32,54082.08,54082.08,0.06594
2021-10-08 06:23:00,54099.17,54099.17,54073.38,54077.91,0.05779
2021-10-08 06:24:00,54073.48,54093.83,54073.48,54091.02,0.06184
2021-10-08 06:25:00,54088.28,54088.61,54082.65,54088.61,0.03724
2021-10-08 06:26:00,54083.02,54087.5,54074.23,54083.45,0.33986
2021-10-08 06:27:00,54104.46,54136.32,54104.27,54136.32,0.05035
2021-10-08 06:28:00,54159.8,54165.94,54139.62,54143.17,0.1552
2021-10-08 06:29:00,54168.74,54186.03,54168.74,54186.03,0.00126
2021-10-08 06:30:00,54183.31,54184.9,54169.33,54169.33,0.07621
2021-10-08 06:31:00,54179.44,54187.6,54168.75,54187.6,0.07643
2021-10-08 06:32:00,54174.95,54174.95,54158.47,54167.31,0.10495
2021-10-08 06:33:00,54172.93,54194.05,54172.61,54194.05,0.06519
2021-10-08 06:34:00,54205.23,54281.79,54205.23,54249.62,0.26788
2021-10-08 06:35:00,54280.81,54295.42,54187.86,54210.4,1.72211
2021-10-08 06:36:00,54194.01,54194.01,54165.44,54182.87,1.33642
2021-10-08 06:37:00,54181.51,54190.19,54181.51,54190.19,0.06912
2021-10-08 06:38:00,54149.89,54152.14,54129.06,54129.48,0.19969
2021-10-08 06:39:00,54120.97,54140.8,54078.0,54078.0,1.36631
2021-10-08 06:40:00,54090.33,54108.99,54089.92,54095.16,0.16782
2021-10-08 06:41:00,54093.24,54100.79,54082.29,54082.29,0.66791
2021-10-08 06:42:00,54081.68,54089.45,54070.95,54071.9,0.31879
2021-10-08 06:43:00,54071.9,54084.49,54071.9,54084.49,0.05205
2021-10-08 06:44:00,54076.08,54105.86,54076.08,54105.86,0.19536
2021-10-08 06:45:00,54079.92,54099.6,54067.08,54092.68,0.80818
2021-10-08 06:46:00,54117.81,54142.23,54104.0,54139.91,0.0727
2021-10-08 06:47:00,54144.79,54155.05,54122.16,54142.27,0.10212
2021-10-08 06:48:00,54136.8,54205.77,54136.56,54171.31,1.70969
2021-10-08 06:49:00,54182.34,54182.34,54119.44,54119.66,0.04187
2021-10-08 06:50:00,54142.53,54142.6,54123.09,54124.5,0.09317
2021-10-08 06:51:00,54130.0,54157.46,54124.25,54141.35,0.21681
2021-10-08 06:52:00,54133.92,54163.64,54133.92,54163.64,0.01297
2021-10-08 06:53:00,54163.64,54187.97,54163.64,54181.09,0.12695
2021-10-08 06:54:00,54187.09,54187.09,54168.81,54178.93,0.97064
2021-10-08 06:55:00,54167.01,54175.43,54159.04,54162.75,0.08782
2021-10-08 06:56:00,54155.71,54176.1,54155.01,54176.1,0.17475
2021-10-08 06:57:00,54176.09,54187.26,54176.08,54187.26,0.40748
2021-10-08 06:58:00,54173.37,54185.78,54164.02,54164.02,0.10512
2021-10-08 06:59:00,54152.24,54152.24,54148.93,54148.93,0.04066
2021-10-08 07:00:00,54135.19,54201.83,54123.0,54201.83,0.32158
2021-10-08 07:01:00,54185.48,54185.48,54183.88,54183.88,0.17437
2021-10-08 07:02:00,54076.28,54076.28,54019.63,54027.11,0.17757
2021-10-08 07:03:00,54042.11,54072.5,54042.11,54060.42,0.61759
2021-10-08 07:04:00,54062.48,54100.47,54045.99,54085.12,0.04151
2021-10-08 07:05:00,54084.9,54115.2,54084.9,54115.2,0.06438
2021-10-08 07:06:00,54129.76,54152.33,54112.48,54138.4,0.65688
2021-10-08 07:07:00,54138.4,54169.16,54097.47,54169.16,0.75808
2021-10-08 07:08:00,54172.2,54196.71,54172.2,54195.0,0.20036
2021-10-08 07:09:00,54205.5,54249.08,54205.5,54244.03,0.15292
2021-10-08 07:10:00,54253.89,54253.95,54230.84,54232.7,0.14515
2021-10-08 07:11:00,54222.4,54304.44,54222.4,54304.44,1.42345
2021-10-08 07:12:00,54295.25,54395.23,54295.25,54364.97,3.72847
2021-10-08 07:13:00,54365.89,54449.19,54354.86,54400.0,7.94043
2021-10-08 07:14:00,54408.6,54433.09,54396.56,54423.62,3.17489
2021-10-08 07:15:00,54442.42,54549.63,54442.42,54549.62,4.78192
2021-10-08 07:16:00,54559.95,54565.09,54410.75,54422.1,3.75994
2021-10-08 07:17:00,54442.04,54442.04,54390.81,54416.77,0.53783
2021-10-08 07:18:00,54416.76,54440.1,54397.43,54417.07,0.47447
2021-10-08 07:19:00,54412.34,54417.23,54349.86,54377.54,0.09995
2021-10-08 07:20:00,54374.33,54377.54,54318.69,54338.23,0.25905
2021-10-08 07:21:00,54325.54,54377.62,54316.62,54351.59,1.15502
2021-10-08 07:22:00,54357.14,54449.49,54336.74,54429.62,1.38009
2021-10-08 07:23:00,54416.24,54438.61,54394.6,54426.21,0.60559
2021-10-08 07:24:00,54424.04,54444.0,54422.62,54422.62,1.21626
2021-10-08 07:25:00,54420.3,54420.3,54399.37,54399.37,0.00529
2021-10-08 07:26:00,54410.58,54519.7,54410.58,54505.87,2.76852
2021-10-08 07:27:00,54502.14,54544.32,54495.34,54534.9,1.13888
2021-10-08 07:28:00,54537.23,54551.7,54515.8,54515.8,1.31406
2021-10-08 07:29:00,54463.87,54481.72,54448.17,54478.92,0.59812
2021-10-08 07:30:00,54497.12,54556.45,54497.12,54542.36,0.35946
2021-10-08 07:31:00,54521.31,54542.36,54512.44,54512.87,1.30497
2021-10-08 07:32:00,54507.58,54527.12,54506.73,54527.12,0.12225
2021-10-08 07:33:00,54528.0,54530.85,54487.02,54515.01,1.1624
2021-10-08 07:34:00,54511.4,54511.4,54489.46,54489.46,0.01252
2021-10-08 07:35:00,54488.32,54500.2,54457.41,54457.41,0.47405
2021-10-08 07:36:00,54462.78,54490.41,54450.71,54453.93,0.3466
2021-10-08 07:37:00,54467.88,54485.22,54420.79,54420.79,0.97087
2021-10-08 07:38:00,54420.82,54423.06,54408.27,54408.27,0.33754
2021-10-08 07:39:00,54417.75,54438.26,54407.74,54407.94,0.4529
2021-10-08 07:40:00,54403.86,54419.32,54387.15,54388.24,0.41962
2021-10-08 07:41:00,54406.65,54411.06,54382.54,54402.86,0.35783
2021-10-08 07:42:00,54392.59,54437.72,54387.33,54432.17,0.39117
2021-10-08 07:43:00,54432.22,54436.77,54406.1,54421.3,1.4457
2021-10-08 07:44:00,54443.24,54482.29,54443.19,54480.35,0.37897
2021-10-08 07:45:00,54490.67,54521.31,54468.16,54487.05,1.70383
2021-10-08 07:46:00,54493.75,54541.46,54487.72,54526.43,1.20153
2021-10-08 07:47:00,54537.66,54888.0,54537.66,54810.72,14.17474
2021-10-08 07:48:00,54812.17,54972.42,54763.08,54763.08,8.53879
2021-10-08 07:49:00,54793.84,54916.01,54711.9,54711.9,4.54511
2021-10-08 07:50:00,54721.09,54739.68,54624.87,54631.31,2.37336
2021-10-08 07:51:00,54656.01,54691.83,54582.52,54592.28,0.51166
2021-10-08 07:52:00,54592.08,54652.8,54559.06,54637.98,1.69448
2021-10-08 07:53:00,54640.3,54655.35,54594.68,54646.69,1.64057
2021-10-08 07:54:00,54654.32,54695.24,54646.44,54665.81,0.74687
2021-10-08 07:55:00,54716.07,54716.07,54676.55,54676.93,0.53428
2021-10-08 07:56:00,54721.0,54815.8,54707.4,54753.23,1.74516
2021-10-08 07:57:00,54721.57,54815.12,54695.87,54769.73,1.62726
2021-10-08 07:58:00,54770.19,54798.34,54758.36,54798.34,0.52728
2021-10-08 07:59:00,54794.36,54852.28,54783.64,54852.28,0.37083
2021-10-08 08:00:00,54839.11,54885.2,54782.58,54782.58,2.01995
2021-10-08 08:01:00,54775.87,54834.11,54774.02,54834.11,0.1534
2021-10-08 08:02:00,54820.52,54858.14,54789.78,54858.14,0.83567
2021-10-08 08:03:00,54860.6,54913.57,54804.67,54830.2,0.36987
2021-10-08 08:04:00,54837.54,54888.02,54837.54,54851.09,0.15869
2021-10-08 08:05:00,54875.16,54902.33,54851.2,54899.7,0.14168
2021-10-08 08:06:00,54919.93,54952.89,54888.77,54934.48,0.49251
2021-10-08 08:07:00,54913.82,55113.9,54905.39,55034.15,7.66723
2021-10-08 08:08:00,55004.87,55013.84,54859.49,54949.52,1.13607
2021-10-08 08:09:00,54961.72,55021.44,54940.4,54948.77,1.23364
2021-10-08 08:10:00,54963.85,54963.85,54904.91,54935.5,0.50544
2021-10-08 08:11:00,54945.01,54960.74,54912.4,54939.22,0.18854
2021-10-08 08:12:00,54963.46,55089.36,54957.73,55062.52,5.12771
2021-10-08 08:13:00,55063.25,55087.63,55020.01,55059.74,1.00532
2021-10-08 08:14:00,55065.93,55131.4,55065.93,55131.4,2.81222
2021-10-08 08:15:00,55097.57,55372.36,55095.6,55223.82,12.38997
2021-10-08 08:16:00,55240.45,55315.16,55217.71,55300.0,4.07395
2021-10-08 08:17:00,55247.37,55472.33,55242.12,55318.99,12.0749
2021-10-08 08:18:00,55336.17,55336.17,55234.39,55238.88,0.57431
2021-10-08 08:19:00,55262.32,55367.03,55210.52,55328.8,5.3264
2021-10-08 08:20:00,55356.67,55394.46,55305.73,55350.8,1.2868
2021-10-08 08:21:00,55297.05,55303.22,55242.31,55242.31,0.21127
2021-10-08 08:22:00,55249.21,55322.53,55239.91,55322.53,1.23723
2021-10-08 08:23:00,55352.22,55360.05,55269.83,55300.74,2.29024
2021-10-08 08:24:00,55288.04,55372.52,55288.04,55372.52,0.43491
2021-10-08 08:25:00,55347.33,55347.33,55267.44,55278.06,0.29853
2021-10-08 08:26:00,55299.9,55300.08,55216.08,55234.63,0.82555
2021-10-08 08:27:00,55241.4,55266.14,55213.83,55253.11,0.72354
2021-10-08 08:28:00,55276.35,55301.84,55247.14,55257.87,0.19689
2021-10-08 08:29:00,55257.87,55336.77,55257.87,55291.26,0.55662
2021-10-08 08:30:00,55304.05,55340.54,55301.78,55320.82,0.22218
2021-10-08 08:31:00,55381.0,55387.56,55285.72,55285.72,0.3572
2021-10-08 08:32:00,55300.56,55334.84,55259.61,55334.84,0.47201
2021-10-08 08:33:00,55330.96,55423.56,55330.96,55404.25,0.37367
2021-10-08 08:34:00,55409.5,55450.27,55383.21,55439.03,3.5753
2021-10-08 08:35:00,55453.46,55624.07,55444.97,55532.5,21.9375
2021-10-08 08:36:00,55556.48,55575.75,55532.71,55571.59,0.18254
2021-10-08 08:37:00,55593.87,55721.49,55587.55,55701.04,4.18744
2021-10-08 08:38:00,55693.15,56054.7,55671.74,55996.22,15.578455
2021-10-08 08:39:00,55964.05,56150.9,55847.48,55868.3,13.48374
2021-10-08 08:40:00,55901.19,55901.19,55663.99,55810.18,2.68152
2021-10-08 08:41:00,55844.19,55875.78,55719.74,55746.04,2.19675
2021-10-08 08:42:00,55729.2,55864.83,55671.23,55850.53,2.0543
2021-10-08 08:43:00,55854.41,55861.7,55734.87,55762.09,2.73849
2021-10-08 08:44:00,55760.93,55774.77,55690.44,55737.95,2.54234
2021-10-08 08:45:00,55748.09,55884.29,55677.64,55720.05,7.1317
2021-10-08 08:46:00,55720.23,55745.66,55671.2,55729.55,1.51733
2021-10-08 08:47:00,55742.41,55782.62,55703.16,55725.87,2.00674
2021-10-08 08:48:00,55772.88,55793.92,55738.98,55745.87,1.26221
2021-10-08 08:49:00,55768.43,55842.85,55763.06,55839.03,0.41113
2021-10-08 08:50:00,55841.19,55872.47,55819.68,55833.1,0.80385
2021-10-08 08:51:00,55861.23,55895.97,55792.21,55792.21,3.35289
2021-10-08 08:52:00,55798.49,55823.99,55775.65,55781.52,0.20509
2021-10-08 08:53:00,55819.25,55866.32,55802.97,55852.05,0.67075
2021-10-08 08:54:00,55871.08,55919.44,55828.92,55845.04,0.68648
2021-10-08 08:55:00,55815.21,55815.21,55775.84,55783.33,0.44357
2021-10-08 08:56:00,55807.73,55845.5,55774.87,55787.55,1.29856
2021-10-08 08:57:00,55802.25,55823.45,55773.38,55795.09,0.27066
2021-10-08 08:58:00,55793.06,55812.11,55769.36,55802.2,1.0252
2021-10-08 08:59:00,55812.11,55877.15,55812.11,55820.27,0.76599
2021-10-08 09:00:00,55860.28,55893.85,55855.69,55892.94,0.93727
2021-10-08 09:01:00,55906.2,55906.2,55860.59,55860.66,0.20189
2021-10-08 09:02:00,55859.84,55861.11,55722.23,55722.23,1.76532
2021-10-08 09:03:00,55724.06,55799.44,55713.64,55763.2,1.13611
2021-10-08 09:04:00,55777.25,55778.84,55721.84,55733.81,0.33665
2021-10-08 09:05:00,55714.84,55748.72,55696.86,55702.01,0.88651
2021-10-08 09:06:00,55708.85,55742.42,55687.41,55700.0,2.05386
2021-10-08 09:07:00,55700.35,55712.6,55366.16,55602.68,11.41615
2021-10-08 09:08:00,55616.29,55637.87,55520.26,55553.81,1.63724
2021-10-08 09:09:00,55558.89,55596.07,55558.89,55596.07,0.35719
2021-10-08 09:10:00,55584.97,55674.97,55576.11,55674.97,0.61007
2021-10-08 09:11:00,55676.09,55677.26,55640.37,55677.26,1.02313
2021-10-08 09:12:00,55677.27,55715.31,55677.27,55715.31,0.27735
2021-10-08 09:13:00,55719.37,55729.85,55653.63,55664.12,3.25453
2021-10-08 09:14:00,55675.82,55697.55,55656.56,55686.23,0.87253
2021-10-08 09:15:00,55672.11,55721.49,55661.67,55682.58,0.7043
2021-10-08 09:16:00,55684.44,55863.02,55653.92,55724.13,13.33196
2021-10-08 09:17:00,55719.56,55719.56,55654.22,55654.22,0.65797
2021-10-08 09:18:00,55667.25,55673.25,55604.46,55614.46,0.5652
2021-10-08 09:19:00,55612.18,55664.63,55593.34,55610.98,3.92945
2021-10-08 09:20:00,55607.47,55620.05,55589.56,55620.05,2.0907
2021-10-08 09:21:00,55595.18,55609.49,55555.62,55555.62,1.19075
2021-10-08 09:22:00,55555.62,55575.53,55506.86,55506.86,2.35846
2021-10-08 09:23:00,55500.1,55549.12,55211.78,55317.31,8.31127
2021-10-08 09:24:00,55264.41,55393.23,55220.79,55363.61,5.21067
2021-10-08 09:25:00,55380.78,55525.38,55380.77,55525.38,2.3418
2021-10-08 09:26:00,55485.0,55485.0,55300.5,55300.5,2.52866
2021-10-08 09:27:00,55326.39,55379.4,55305.14,55360.79,1.04515
2021-10-08 09:28:00,55370.74,55370.74,55116.38,55208.72,6.47208
2021-10-08 09:29:00,55238.37,55334.32,55208.05,55321.86,1.04942
2021-10-08 09:30:00,55349.82,55431.35,55303.65,55431.35,1.29299
2021-10-08 09:31:00,55413.88,55422.95,55365.97,55378.16,2.01802
2021-10-08 09:32:00,55381.94,55433.62,55381.94,55433.62,0.67069
2021-10-08 09:33:00,55452.45,55505.35,55452.45,55469.23,0.6628
2021-10-08 09:34:00,55452.45,55452.45,55379.6,55450.0,1.26353
2021-10-08 09:35:00,55450.0,55450.0,55396.25,55433.4,0.57715
2021-10-08 09:36:00,55434.64,55438.65,55414.8,55418.63,0.12594
2021-10-08 09:37:00,55410.22,55412.41,55324.32,55371.04,1.1787
2021-10-08 09:38:00,55378.87,55390.98,55311.54,55311.54,0.0761
2021-10-08 09:39:00,55333.34,55362.99,55331.47,55362.99,0.10767
2021-10-08 09:40:00,55355.14,55405.86,55335.64,55405.86,0.45335
2021-10-08 09:41:00,55416.84,55424.79,55386.19,55400.47,0.03705
2021-10-08 09:42:00,55404.32,55425.53,55398.77,55425.15,0.10862
2021-10-08 09:43:00,55449.46,55500.57,55428.74,55428.74,0.34666
2021-10-08 09:44:00,55442.75,55512.79,55401.81,55422.9,5.01215
2021-10-08 09:45:00,55445.08,55513.16,55445.08,55509.11,1.43284
2021-10-08 09:46:00,55528.31,55542.07,55503.3,55503.3,1.87078
2021-10-08 09:47:00,55512.23,55546.4,55507.05,55520.62,0.5557
2021-10-08 09:48:00,55517.1,55517.1,55480.83,55480.83,0.22584
2021-10-08 09:49:00,55459.32,55484.16,55438.24,55484.16,0.77936
2021-10-08 09:50:00,55483.75,55524.64,55483.75,55524.64,0.38938
2021-10-08 09:51:00,55511.02,55560.29,55498.34,55560.29,0.65391
2021-10-08 09:52:00,55533.55,55571.91,55498.1,55540.21,0.74007
2021-10-08 09:53:00,55541.25,55541.25,55454.85,55461.8,1.65759
2021-10-08 09:54:00,55452.64,55454.77,55402.07,55402.07,0.27335
2021-10-08 09:55:00,55386.88,55386.88,55313.71,55314.04,3.65849
2021-10-08 09:56:00,55316.23,55369.36,55275.75,55305.17,4.38162
2021-10-08 09:57:00,55298.53,55332.31,55285.77,55285.77,0.09666
2021-10-08 09:58:00,55322.22,55329.26,55283.66,55283.66,0.0895
2021-10-08 09:59:00,55280.61,55283.86,55223.9,55233.37,0.87493
2021-10-08 10:00:00,55281.24,55354.66,55281.24,55345.05,0.39123
2021-10-08 10:01:00,55346.55,55353.09,55331.74,55348.65,0.21203
2021-10-08 10:02:00,55369.87,55395.72,55354.18,55376.33,0.21957
2021-10-08 10:03:00,55375.37,55378.33,55355.06,55369.89,0.03311
2021-10-08 10:04:00,55375.67,55386.41,55375.67,55383.03,0.10916
2021-10-08 10:05:00,55374.72,55410.86,55373.48,55373.48,0.19336
2021-10-08 10:06:00,55382.74,55398.81,55361.61,55375.61,0.57937
2021-10-08 10:07:00,55375.58,55375.58,55281.53,55297.99,1.34458
2021-10-08 10:08:00,55297.39,55297.99,55252.4,55252.61,0.3191
2021-10-08 10:09:00,55255.0,55338.65,55255.0,55301.06,1.27428
2021-10-08 10:10:00,55272.99,55314.42,55253.92,55288.05,0.7455
2021-10-08 10:11:00,55287.73,55293.98,55270.92,55288.42,0.30647
2021-10-08 10:12:00,55288.42,55294.73,55261.7,55266.62,0.16851
2021-10-08 10:13:00,55255.41,55266.53,55241.51,55248.37,0.29016
2021-10-08 10:14:00,55225.03,55238.72,55182.07,55227.26,0.73616
2021-10-08 10:15:00,55228.96,55266.03,55216.51,55266.03,0.30813
2021-10-08 10:16:00,55256.27,55321.43,55238.2,55299.11,0.06907
2021-10-08 10:17:00,55295.74,55311.05,55291.32,55311.05,0.11645
2021-10-08 10:18:00,55319.07,55344.52,55291.47,55344.52,0.27201
2021-10-08 10:19:00,55346.49,55346.49,55300.05,55313.12,0.15314
2021-10-08 10:20:00,55318.11,55336.96,55315.04,55320.82,0.10299
2021-10-08 10:21:00,55338.02,55351.32,55338.02,55349.56,0.07304
2021-10-08 10:22:00,55338.68,55365.1,55332.84,55365.1,0.25308
2021-10-08 10:23:00,55378.31,55388.95,55351.55,55375.52,0.07796
2021-10-08 10:24:00,55358.1,55367.99,55308.8,55308.8,0.34574
2021-10-08 10:25:00,55320.08,55453.54,55320.08,55433.76,1.57084
2021-10-08 10:26:00,55454.26,55455.02,55406.77,55438.98,0.65705
2021-10-08 10:27:00,55441.23,55449.3,55385.25,55398.28,2.46295
2021-10-08 10:28:00,55380.99,55394.55,55358.46,55364.33,0.30423
2021-10-08 10:29:00,55377.28,55401.92,55357.0,55401.92,1.44678
2021-10-08 10:30:00,55391.81,55417.87,55378.25,55387.76,0.48732
2021-10-08 10:31:00,55381.69,55412.7,55368.21,55378.38,0.04489
2021-10-08 10:32:00,55392.62,55463.6,55382.14,55463.6,0.6229
2021-10-08 10:33:00,55479.82,55586.26,55477.69,55547.51,1.5675
2021-10-08 10:34:00,55543.42,55569.85,55490.54,55500.56,0.58371
2021-10-08 10:35:00,55519.37,55538.87,55458.52,55499.52,0.10975
2021-10-08 10:36:00,55498.64,55507.67,55457.99,55487.32,0.18401
2021-10-08 10:37:00,55484.44,55507.32,55451.61,55467.03,0.2425
2021-10-08 10:38:00,55487.53,55508.55,55487.53,55508.55,0.35691
2021-10-08 10:39:00,55500.63,55521.58,55487.9,55510.4,1.30506
2021-10-08 10:40:00,55494.33,55496.33,55438.37,55479.73,1.85869
2021-10-08 10:41:00,55479.73,55513.73,55441.79,55510.53,2.11879
2021-10-08 10:42:00,55518.66,55518.66,55488.23,55488.72,0.09622
2021-10-08 10:43:00,55496.97,55505.89,55468.18,55468.18,0.13438
2021-10-08 10:44:00,55465.07,55509.71,55465.07,55481.51,0.0446
2021-10-08 10:45:00,55502.16,55552.08,55495.85,55539.06,0.28503
2021-10-08 10:46:00,55515.41,55543.14,55476.41,55477.36,0.18575
2021-10-08 10:47:00,55499.34,55500.87,55450.89,55450.89,0.45799
2021-10-08 10:48:00,55444.27,55479.22,55444.27,55469.77,0.16947
2021-10-08 10:49:00,55469.69,55482.03,55431.06,55431.06,0.25731
2021-10-08 10:50:00,55434.45,55452.65,55420.41,55433.88,0.2714
2021-10-08 10:51:00,55434.42,55442.69,55407.99,55407.99,0.01174
2021-10-08 10:52:00,55424.01,55489.56,55417.46,55489.56,0.29822
2021-10-08 10:53:00,55476.34,55499.22,55474.51,55476.0,0.10365
2021-10-08 10:54:00,55496.05,55531.23,55496.05,55516.1,0.20591
2021-10-08 10:55:00,55502.28,55580.0,55502.28,55546.21,1.16157
2021-10-08 10:56:00,55551.36,55553.8,55542.68,55553.8,0.65557
2021-10-08 10:57:00,55540.01,55549.38,55518.41,55521.0,0.65303
2021-10-08 10:58:00,55506.27,55549.04,55506.27,55531.03,0.03004
2021-10-08 10:59:00,55521.91,55525.16,55498.97,55498.97,0.21285
2021-10-08 11:00:00,55513.56,55559.65,55498.64,55552.05,0.42133
2021-10-08 11:01:00,55571.07,55588.52,55519.24,55519.24,0.11187
2021-10-08 11:02:00,55506.53,55529.9,55489.85,55492.29,1.34667
2021-10-08 11:03:00,55489.78,55489.78,55444.41,55448.49,0.10395
2021-10-08 11:04:00,55457.51,55468.74,55441.68,55459.39,0.36244
2021-10-08 11:05:00,55449.23,55461.86,55421.81,55424.12,1.14015
2021-10-08 11:06:00,55438.93,55582.73,55438.93,55541.35,2.94363
2021-10-08 11:07:00,55536.07,55607.45,55533.19,55582.42,3.2454
2021-10-08 11:08:00,55594.85,55619.11,55547.6,55585.15,1.96272
2021-10-08 11:09:00,55580.54,55603.56,55521.1,55573.27,3.09786
2021-10-08 11:10:00,55607.35,55618.98,55591.2,55616.49,0.27202
2021-10-08 11:11:00,55581.95,55593.46,55509.03,55524.18,1.47482
2021-10-08 11:12:00,55525.6,55574.37,55525.6,55564.99,4.38924
2021-10-08 11:13:00,55552.16,55552.16,55522.02,55542.79,0.22781
2021-10-08 11:14:00,55521.74,55525.43,55521.73,55525.43,0.03889
2021-10-08 11:15:00,55503.96,55529.38,55493.7,55514.5,0.36191
2021-10-08 11:16:00,55527.96,55585.25,55522.18,55585.25,0.08986
2021-10-08 11:17:00,55614.47,55614.47,55572.25,55575.9,0.30721
2021-10-08 11:18:00,55567.91,55567.91,55538.49,55561.21,0.07941
2021-10-08 11:19:00,55545.72,55594.88,55545.72,55594.88,0.25729
2021-10-08 11:20:00,55589.56,55589.56,55565.74,55569.93,0.07409
2021-10-08 11:21:00,55561.01,55561.01,55550.0,55556.68,0.56607
2021-10-08 11:22:00,55566.22,55610.98,55556.07,55578.04,6.02504
2021-10-08 11:23:00,55572.55,55579.31,55547.61,55547.61,0.53651
2021-10-08 11:24:00,55564.09,55565.26,55512.04,55537.92,1.08344
2021-10-08 11:25:00,55552.63,55557.55,55500.03,55538.41,0.89529
2021-10-08 11:26:00,55519.2,55532.59,55478.45,55478.45,0.37667
2021-10-08 11:27:00,55488.52,55488.52,55452.91,55460.08,0.72007
2021-10-08 11:28:00,55470.6,55477.61,55453.69,55466.58,0.32557
2021-10-08 11:29:00,55466.58,55486.0,55446.1,55467.59,1.08511
2021-10-08 11:30:00,55486.0,55582.31,55469.45,55476.98,3.83016
2021-10-08 11:31:00,55474.23,55474.23,55454.34,55454.34,0.03285
2021-10-08 11:32:00,55443.95,55449.19,55436.08,55436.11,0.33549
2021-10-08 11:33:00,55445.5,55507.89,55425.1,55497.89,1.76518
2021-10-08 11:34:00,55494.44,55512.24,55368.02,55382.15,1.40679
2021-10-08 11:35:00,55399.87,55427.13,55375.97,55427.13,1.90029
2021-10-08 11:36:00,55418.54,55428.29,55400.0,55400.0,0.53038
2021-10-08 11:37:00,55400.0,55411.0,55400.0,55407.31,0.17597
2021-10-08 11:38:00,55394.86,55441.87,55394.86,55425.82,2.12318
2021-10-08 11:39:00,55438.42,55446.44,55410.09,55415.46,0.11066
2021-10-08 11:40:00,55406.15,55407.6,55382.49,55382.49,0.24974
2021-10-08 11:41:00,55397.84,55397.84,55362.72,55376.52,0.05754
2021-10-08 11:42:00,55374.92,55400.66,55348.26,55367.01,0.78405
2021-10-08 11:43:00,55365.38,55409.96,55303.66,55397.97,4.79533
2021-10-08 11:44:00,55382.86,55382.86,55322.35,55322.35,2.08452
2021-10-08 11:45:00,55347.34,55361.34,55304.68,55313.25,0.53948
2021-10-08 11:46:00,55300.53,55324.57,55249.55,55281.55,0.33196
2021-10-08 11:47:00,55305.85,55305.85,55261.65,55298.32,0.43933
2021-10-08 11:48:00,55277.43,55298.6,55263.01,55263.01,0.25451
2021-10-08 11:49:00,55246.2,55269.95,55184.71,55237.7,1.08518
2021-10-08 11:50:00,55233.74,55307.52,55214.48,55282.06,1.04369
2021-10-08 11:51:00,55285.76,55294.66,55240.59,55272.65,3.71053
2021-10-08 11:52:00,55276.12,55292.24,55225.0,55239.22,0.24175
2021-10-08 11:53:00,55248.09,55248.09,55184.49,55184.49,0.28975
2021-10-08 11:54:00,55182.4,55263.03,55166.52,55239.32,0.78882
2021-10-08 11:55:00,55230.07,55235.0,55183.88,55198.86,1.41562
2021-10-08 11:56:00,55198.98,55279.49,55173.21,55267.8,1.34374
2021-10-08 11:57:00,55267.16,55307.46,55224.39,55224.39,1.36484
2021-10-08 11:58:00,55242.64,55274.37,55228.52,55254.81,0.3198
2021-10-08 11:59:00,55279.26,55297.15,55273.05,55275.05,0.5459
2021-10-08 12:00:00,55263.32,55293.24,55144.56,55184.32,3.73007
2021-10-08 12:01:00,55170.61,55220.73,55170.61,55220.73,0.21296
2021-10-08 12:02:00,55254.31,55305.45,55254.31,55295.92,0.3487
2021-10-08 12:03:00,55302.49,55302.49,55234.26,55262.74,0.27925
2021-10-08 12:04:00,55262.1,55301.47,55224.78,55261.54,2.12707
2021-10-08 12:05:00,55265.86,55284.01,55249.03,55284.01,0.05747
2021-10-08 12:06:00,55279.02,55295.82,55243.71,55249.04,0.19911
2021-10-08 12:07:00,55275.86,55300.66,55275.86,55282.3,0.11871
2021-10-08 12:08:00,55302.85,55304.76,55235.07,55244.15,0.34412
2021-10-08 12:09:00,55246.37,55246.37,55200.07,55200.14,0.06755
2021-10-08 12:10:00,55200.71,55200.71,55142.99,55147.21,0.76359
2021-10-08 12:11:00,55155.5,55171.29,55100.0,55135.65,2.49008
2021-10-08 12:12:00,55139.01,55153.09,55117.76,55129.59,0.51445
2021-10-08 12:13:00,55134.05,55134.05,55089.88,55089.88,0.46688
2021-10-08 12:14:00,55085.29,55105.3,54961.32,55070.5,4.61901
2021-10-08 12:15:00,55072.55,55115.49,55026.08,55114.79,0.80253
2021-10-08 12:16:00,55098.29,55099.53,55026.59,55026.59,0.88741
2021-10-08 12:17:00,55017.34,55023.18,54808.22,54832.97,9.85121
2021-10-08 12:18:00,54832.41,54832.41,54525.09,54615.34,8.59262
2021-10-08 12:19:00,54635.96,54773.31,54626.2,54771.73,1.36203
2021-10-08 12:20:00,54789.44,54822.96,54730.02,54794.22,4.49948
2021-10-08 12:21:00,54794.22,54971.3,54794.22,54867.08,7.52016
2021-10-08 12:22:00,54863.32,54903.2,54819.29,54879.97,3.79082
2021-10-08 12:23:00,54902.92,54928.56,54835.41,54855.13,2.33838
2021-10-08 12:24:00,54857.43,54940.22,54857.43,54940.22,0.1529
2021-10-08 12:25:00,54936.77,54969.56,54885.82,54969.56,0.86399
2021-10-08 12:26:00,54977.56,55013.06,54650.02,54911.85,12.5644
2021-10-08 12:27:00,54920.74,54960.56,54828.5,54850.97,1.44666
2021-10-08 12:28:00,54865.43,54902.6,54837.09,54878.98,0.45798
2021-10-08 12:29:00,54835.26,54893.71,54779.7,54879.58,1.47075
2021-10-08 12:30:00,54883.21,54883.21,54826.55,54863.13,1.88885
2021-10-08 12:31:00,54885.47,55070.41,54885.47,55043.87,1.68958
2021-10-08 12:32:00,54992.24,54992.24,54922.04,54938.64,0.23014
2021-10-08 12:33:00,54916.81,54917.82,54859.49,54861.35,0.48294
2021-10-08 12:34:00,54862.73,54862.73,54779.75,54825.64,1.08244
2021-10-08 12:35:00,54833.52,54891.81,54833.52,54891.81,0.82582
2021-10-08 12:36:00,54878.09,54945.34,54871.06,54945.34,0.41914
2021-10-08 12:37:00,54910.26,54979.34,54910.26,54979.34,0.13507
2021-10-08 12:38:00,54984.4,55073.54,54953.74,55006.87,4.28559
2021-10-08 12:39:00,54985.59,55109.31,54979.93,55085.62,8.75706
2021-10-08 12:40:00,55072.32,55093.09,54986.48,55001.28,1.61278
2021-10-08 12:41:00,55001.32,55048.64,55000.46,55006.83,1.77045
2021-10-08 12:42:00,55015.94,55027.97,54975.69,54975.69,14.83936
2021-10-08 12:43:00,54959.22,54986.49,54947.04,54986.49,0.36206
2021-10-08 12:44:00,54976.74,54976.74,54928.48,54958.54,0.4307
2021-10-08 12:45:00,54972.47,54972.47,54903.25,54966.32,0.11562
2021-10-08 12:46:00,54921.13,54921.13,54856.22,54856.22,0.25629
2021-10-08 12:47:00,54881.02,54887.04,54848.75,54848.75,0.33401
2021-10-08 12:48:00,54843.38,54860.0,54738.82,54762.74,4.66834
2021-10-08 12:49:00,54770.97,54835.38,54738.84,54741.7,3.11237
2021-10-08 12:50:00,54773.06,54830.23,54746.27,54797.92,0.31845
2021-10-08 12:51:00,54783.3,54810.77,54756.57,54776.63,1.06531
2021-10-08 12:52:00,54784.37,54784.37,54711.1,54711.1,1.39816
2021-10-08 12:53:00,54720.85,54736.49,54690.96,54690.97,0.64066
2021-10-08 12:54:00,54704.3,54718.16,54674.16,54700.43,0.72859
2021-10-08 12:55:00,54667.66,54740.81,54666.71,54725.58,1.64396
2021-10-08 12:56:00,54716.02,54849.79,54716.02,54849.79,0.37636
2021-10-08 12:57:00,54827.93,54839.5,54787.61,54787.61,1.45989
2021-10-08 12:58:00,54814.59,54816.12,54777.96,54781.32,0.3991
2021-10-08 12:59:00,54833.71,54884.58,54815.56,54882.84,0.80926
2021-10-08 13:00:00,54835.49,54892.34,54835.49,54877.46,0.07829
2021-10-08 13:01:00,54871.72,54871.72,54807.99,54847.31,0.80596
2021-10-08 13:02:00,54838.26,54839.13,54750.62,54772.27,0.31679
2021-10-08 13:03:00,54778.87,54785.52,54754.03,54765.51,0.65222
2021-10-08 13:04:00,54765.51,54781.0,54669.89,54669.89,2.90634
2021-10-08 13:05:00,54667.32,54736.77,54662.54,54715.06,0.6774
2021-10-08 13:06:00,54741.88,54797.0,54738.39,54797.0,0.30612
2021-10-08 13:07:00,54775.84,54805.62,54752.86,54761.04,0.15319
2021-10-08 13:08:00,54763.09,54765.52,54662.34,54662.8,0.46212
2021-10-08 13:09:00,54679.39,54759.19,54677.76,54690.65,1.86339
2021-10-08 13:10:00,54710.37,54759.51,54683.2,54749.93,0.67453
2021-10-08 13:11:00,54761.52,54761.52,54709.79,54709.79,0.31986
2021-10-08 13:12:00,54725.46,54748.13,54711.52,54711.52,0.73856
2021-10-08 13:13:00,54725.75,54761.47,54705.32,54746.52,0.1136
2021-10-08 13:14:00,54733.38,54790.08,54726.21,54782.22,0.8504
2021-10-08 13:15:00,54771.38,54792.0,54768.38,54777.16,0.1219
2021-10-08 13:16:00,54776.66,54792.31,54717.69,54717.69,0.51246
2021-10-08 13:17:00,54730.74,54755.38,54698.62,54739.78,0.64828
2021-10-08 13:18:00,54739.91,54747.06,54717.7,54727.28,0.22547
2021-10-08 13:19:00,54730.92,54743.21,54664.24,54668.15,0.50797
2021-10-08 13:20:00,54673.05,54714.5,54673.05,54694.32,0.13027
2021-10-08 13:21:00,54666.5,54666.5,54610.58,54662.41,0.64018
2021-10-08 13:22:00,54686.98,54709.39,54659.77,54669.84,0.24781
2021-10-08 13:23:00,54649.69,54690.86,54646.23,54690.86,0.13912
2021-10-08 13:24:00,54694.39,54771.33,54694.39,54727.47,0.54571
2021-10-08 13:25:00,54754.18,54808.74,54746.68,54808.74,0.80161
2021-10-08 13:26:00,54772.73,54793.98,54762.9,54793.17,0.05188
2021-10-08 13:27:00,54801.57,54862.7,54790.58,54846.06,0.59713
2021-10-08 13:28:00,54874.29,54874.29,54828.54,54857.75,0.39311
2021-10-08 13:29:00,54866.27,54866.27,54830.23,54847.06,0.21701
2021-10-08 13:30:00,54850.96,54937.87,54811.57,54811.57,2.79458
2021-10-08 13:31:00,54786.73,54800.0,54740.01,54800.0,0.8399
2021-10-08 13:32:00,54811.11,54811.11,54740.0,54740.0,0.60152
2021-10-08 13:33:00,54733.18,54746.66,54699.21,54712.19,0.10786
2021-10-08 13:34:00,54699.47,54699.47,54593.56,54593.56,0.63312
2021-10-08 13:35:00,54591.65,54591.65,54285.71,54393.36,12.03705
2021-10-08 13:36:00,54396.0,54441.9,54362.11,54362.11,0.75974
2021-10-08 13:37:00,54370.31,54441.92,54303.6,54321.27,2.65898
2021-10-08 13:38:00,54358.02,54435.63,54334.46,54378.55,1.99999
2021-10-08 13:39:00,54404.4,54451.16,54397.49,54449.33,0.15622
2021-10-08 13:40:00,54466.91,54532.73,54462.33,54490.18,1.24177
2021-10-08 13:41:00,54524.64,54623.89,54493.59,54570.72,1.77841
2021-10-08 13:42:00,54546.27,54580.32,54524.45,54580.32,0.1814
2021-10-08 13:43:00,54579.59,54593.05,54522.53,54528.68,0.20589
2021-10-08 13:44:00,54523.71,54527.73,54452.57,54452.67,2.50684
2021-10-08 13:45:00,54470.21,54560.9,54456.54,54520.23,1.59057
2021-10-08 13:46:00,54539.84,54559.26,54402.35,54438.73,0.45116
2021-10-08 13:47:00,54431.9,54431.9,54410.03,54414.75,0.121
2021-10-08 13:48:00,54415.48,54504.01,54414.6,54475.4,1.01457
2021-10-08 13:49:00,54471.87,54484.68,54443.08,54459.86,0.34675
2021-10-08 13:50:00,54463.01,54478.13,54338.64,54344.37,3.12404
2021-10-08 13:51:00,54353.24,54382.41,54304.42,54357.56,0.68238
2021-10-08 13:52:00,54341.96,54366.62,54271.0,54275.19,2.16241
2021-10-08 13:53:00,54312.41,54325.38,54297.03,54321.66,0.27347
2021-10-08 13:54:00,54314.07,54360.75,54058.84,54356.49,10.61062
2021-10-08 13:55:00,54356.41,54436.07,54319.82,54330.58,0.40476
2021-10-08 13:56:00,54330.58,54331.94,54228.43,54294.79,1.50065
2021-10-08 13:57:00,54323.55,54359.52,54170.06,54231.05,6.26761
2021-10-08 13:58:00,54226.96,54267.16,54143.66,54166.66,3.59143
2021-10-08 13:59:00,54152.03,54219.24,54152.03,54181.01,0.44386
2021-10-08 14:00:00,54160.21,54280.64,54160.21,54280.64,1.91826
2021-10-08 14:01:00,54300.93,54371.29,54295.34,54295.34,0.96682
2021-10-08 14:02:00,54323.4,54343.87,54319.2,54340.06,0.09826
2021-10-08 14:03:00,54348.54,54408.59,54325.26,54401.97,0.25333
2021-10-08 14:04:00,54359.28,54403.44,54348.07,54378.83,0.17352
2021-10-08 14:05:00,54383.86,54417.04,54365.82,54400.77,0.46315
2021-10-08 14:06:00,54360.79,54360.79,54221.89,54306.1,4.29246
2021-10-08 14:07:00,54278.91,54340.42,54278.91,54340.42,0.28002
2021-10-08 14:08:00,54317.82,54317.82,54284.7,54303.05,0.18846
2021-10-08 14:09:00,54289.51,54304.08,54268.01,54281.69,0.74734
2021-10-08 14:10:00,54262.62,54282.58,54253.39,54259.42,0.10523
2021-10-08 14:11:00,54258.98,54292.46,54258.98,54259.32,0.11355
2021-10-08 14:12:00,54249.54,54289.65,54241.04,54271.57,0.24352
2021-10-08 14:13:00,54296.8,54336.14,54296.8,54335.58,0.71493
2021-10-08 14:14:00,54326.25,54354.53,54326.25,54339.71,0.21769
2021-10-08 14:15:00,54361.47,54361.47,54310.73,54310.73,0.18171
2021-10-08 14:16:00,54309.97,54309.97,54253.35,54254.63,0.69831
2021-10-08 14:17:00,54245.39,54361.79,54236.88,54339.99,1.18599
2021-10-08 14:18:00,54340.58,54391.18,54340.19,54390.82,0.27523
2021-10-08 14:19:00,54400.05,54401.26,54371.62,54371.62,0.04001
2021-10-08 14:20:00,54383.45,54433.56,54383.45,54433.56,0.10921
2021-10-08 14:21:00,54429.46,54429.46,54378.39,54400.18,0.4132
2021-10-08 14:22:00,54411.52,54447.89,54409.29,54447.89,0.49541
2021-10-08 14:23:00,54460.19,54460.19,54415.9,54432.04,0.31277
2021-10-08 14:24:00,54449.73,54455.27,54422.34,54455.27,0.28988
2021-10-08 14:25:00,54443.85,54443.85,54361.81,54384.02,0.41275
2021-10-08 14:26:00,54369.97,54412.82,54368.74,54369.49,0.03337
2021-10-08 14:27:00,54372.36,54373.67,54350.0,54359.97,0.18051
2021-10-08 14:28:00,54359.97,54381.07,54337.34,54381.07,1.00656
2021-10-08 14:29:00,54389.32,54397.49,54365.85,54386.28,0.18728
2021-10-08 14:30:00,54385.08,54385.08,54363.94,54368.73,0.0823
2021-10-08 14:31:00,54380.02,54429.39,54380.02,54422.83,0.15929
2021-10-08 14:32:00,54437.78,54468.4,54423.45,54447.34,0.3597
2021-10-08 14:33:00,54450.65,54516.76,54440.82,54516.76,0.2492
2021-10-08 14:34:00,54495.54,54536.51,54464.67,54536.51,1.66563
2021-10-08 14:35:00,54501.02,54560.13,54501.02,54526.87,0.26506
2021-10-08 14:36:00,54522.4,54542.59,54502.96,54513.6,0.30236
2021-10-08 14:37:00,54542.21,54612.72,54542.21,54605.85,0.48857
2021-10-08 14:38:00,54576.33,54615.55,54551.3,54598.48,1.69724
2021-10-08 14:39:00,54615.6,54641.5,54570.19,54583.17,1.07885
2021-10-08 14:40:00,54570.69,54643.94,54534.96,54608.89,2.73849
2021-10-08 14:41:00,54626.73,54639.0,54614.57,54639.0,0.03354
2021-10-08 14:42:00,54615.57,54617.34,54565.52,54567.9,0.65099
2021-10-08 14:43:00,54572.41,54626.52,54550.9,54607.86,1.52576
2021-10-08 14:44:00,54623.7,54771.72,54582.94,54666.46,5.75681
2021-10-08 14:45:00,54666.87,54699.26,54613.92,54613.92,0.54043
2021-10-08 14:46:00,54618.58,54630.48,54581.73,54630.48,1.80242
2021-10-08 14:47:00,54561.74,54591.62,54561.74,54565.35,0.46161
2021-10-08 14:48:00,54571.93,54572.13,54542.72,54542.72,0.34561
2021-10-08 14:49:00,54552.27,54569.37,54549.33,54551.82,0.22169
2021-10-08 14:50:00,54552.52,54589.93,54549.15,54589.93,0.31723
2021-10-08 14:51:00,54602.16,54617.32,54557.92,54571.27,0.38608
2021-10-08 14:52:00,54567.84,54641.82,54567.84,54601.65,0.43576
2021-10-08 14:53:00,54587.72,54635.03,54587.72,54620.46,0.15973
2021-10-08 14:54:00,54608.02,54621.91,54578.07,54621.91,0.17445
2021-10-08 14:55:00,54615.93,54630.6,54605.82,54605.82,0.34885
2021-10-08 14:56:00,54600.14,54639.34,54597.29,54618.76,1.06939
2021-10-08 14:57:00,54618.76,54618.76,54584.29,54584.29,5.56321
2021-10-08 14:58:00,54599.85,54644.7,54578.69,54644.33,0.59186
2021-10-08 14:59:00,54631.12,54676.52,54590.67,54590.67,3.03295
2021-10-08 15:00:00,54592.96,54640.02,54559.3,54559.3,3.0129
2021-10-08 15:01:00,54566.17,54599.06,54562.73,54581.47,3.99186
2021-10-08 15:02:00,54562.73,54567.64,54526.14,54551.99,1.12655
2021-10-08 15:03:00,54542.08,54571.06,54542.08,54560.93,0.21564
2021-10-08 15:04:00,54560.25,54563.02,54542.69,54545.06,0.52845
2021-10-08 15:05:00,54556.5,54605.32,54547.58,54605.32,0.60691
2021-10-08 15:06:00,54613.66,54613.66,54575.36,54600.04,0.42982
2021-10-08 15:07:00,54574.88,54600.18,54574.88,54595.97,0.07486
2021-10-08 15:08:00,54586.37,54624.46,54586.37,54590.17,0.58598
2021-10-08 15:09:00,54618.31,54634.42,54610.06,54614.52,0.23986
2021-10-08 15:10:00,54616.63,54628.63,54592.22,54609.89,0.18098
2021-10-08 15:11:00,54618.87,54654.07,54608.21,54637.11,0.79736
2021-10-08 15:12:00,54641.64,54666.1,54634.53,54656.68,0.20599
2021-10-08 15:13:00,54654.99,54720.65,54654.99,54720.65,0.40195
2021-10-08 15:14:00,54714.94,54757.11,54699.27,54720.95,0.84978
2021-10-08 15:15:00,54725.61,54785.5,54725.61,54775.48,0.81913
2021-10-08 15:16:00,54757.18,54757.18,54701.72,54731.81,0.36941
2021-10-08 15:17:00,54744.42,54744.42,54686.84,54702.98,0.39352
2021-10-08 15:18:00,54700.62,54724.87,54686.84,54699.16,0.62421
2021-10-08 15:19:00,54680.33,54710.67,54677.02,54710.67,0.76894
2021-10-08 15:20:00,54669.49,54673.63,54652.19,54652.19,0.06196
2021-10-08 15:21:00,54649.21,54670.02,54618.01,54620.64,0.42067
2021-10-08 15:22:00,54619.9,54647.91,54609.62,54609.62,0.25931
2021-10-08 15:23:00,54621.96,54663.28,54621.96,54626.99,0.42795
2021-10-08 15:24:00,54626.94,54626.94,54593.56,54617.67,0.07078
2021-10-08 15:25:00,54619.78,54619.78,54571.07,54578.52,0.70747
2021-10-08 15:26:00,54568.93,54594.91,54568.24,54594.91,0.38861
2021-10-08 15:27:00,54601.32,54601.32,54567.0,54575.67,2.1981
2021-10-08 15:28:00,54567.0,54580.69,54567.0,54580.66,0.05765
2021-10-08 15:29:00,54580.69,54589.19,54567.0,54569.98,0.25039
2021-10-08 15:30:00,54567.0,54567.0,54392.35,54406.62,6.88241
2021-10-08 15:31:00,54400.32,54426.4,54329.51,54344.71,0.58666
2021-10-08 15:32:00,54355.33,54404.32,54351.08,54363.41,0.41806
2021-10-08 15:33:00,54350.9,54379.66,54337.07,54379.66,0.04884
2021-10-08 15:34:00,54389.45,54395.16,54335.4,54350.96,0.31679
2021-10-08 15:35:00,54330.72,54330.74,54200.0,54223.71,5.09243
2021-10-08 15:36:00,54215.47,54228.49,54147.75,54209.2,6.11721
2021-10-08 15:37:00,54212.3,54280.1,54190.58,54280.1,2.03276
2021-10-08 15:38:00,54241.6,54263.88,54224.53,54246.83,0.38032
2021-10-08 15:39:00,54261.23,54264.59,54233.38,54239.82,0.48141
2021-10-08 15:40:00,54254.01,54271.16,54226.35,54246.89,0.55327
2021-10-08 15:41:00,54219.0,54253.36,54189.04,54253.36,0.4306
2021-10-08 15:42:00,54212.59,54212.59,54145.86,54153.32,1.84704
2021-10-08 15:43:00,54158.18,54165.84,54105.1,54147.51,0.45618
2021-10-08 15:44:00,54135.0,54147.98,54050.0,54083.72,4.38654
2021-10-08 15:45:00,54096.48,54182.52,54050.0,54167.01,0.68332
2021-10-08 15:46:00,54171.17,54215.51,54153.98,54191.13,1.27369
2021-10-08 15:47:00,54198.45,54198.45,54166.47,54172.81,0.10091
2021-10-08 15:48:00,54185.52,54200.66,54166.47,54179.06,0.6233
2021-10-08 15:49:00,54178.21,54189.1,54048.07,54142.78,5.69901
2021-10-08 15:50:00,54147.98,54197.15,54130.68,54171.09,1.84741
2021-10-08 15:51:00,54171.09,54171.09,54109.87,54137.77,0.17297
2021-10-08 15:52:00,54162.76,54177.88,54137.65,54164.72,0.20471
2021-10-08 15:53:00,54171.79,54202.96,54171.02,54175.2,0.26749
2021-10-08 15:54:00,54180.02,54182.55,54134.81,54134.81,0.19215
2021-10-08 15:55:00,54141.71,54179.6,54141.71,54148.02,0.17953
2021-10-08 15:56:00,54179.91,54192.25,54174.31,54189.38,0.23484
2021-10-08 15:57:00,54189.08,54201.95,54189.08,54201.95,0.05216
2021-10-08 15:58:00,54219.07,54304.87,54214.91,54287.67,5.10055
2021-10-08 15:59:00,54274.85,54359.45,54270.69,54333.43,1.44198
2021-10-08 16:00:00,54340.89,54340.89,54281.54,54294.68,0.26976
2021-10-08 16:01:00,54275.2,54291.54,54249.49,54264.74,0.4059
2021-10-08 16:02:00,54275.54,54284.85,54204.44,54214.19,1.74279
2021-10-08 16:03:00,54241.22,54299.89,54222.65,54279.65,0.93519
2021-10-08 16:04:00,54280.52,54316.73,54280.52,54303.56,0.10239
2021-10-08 16:05:00,54273.8,54285.46,54236.5,54236.5,0.38339
2021-10-08 16:06:00,54227.25,54227.25,54178.83,54190.04,1.14419
2021-10-08 16:07:00,54194.97,54209.14,54167.93,54195.81,0.4352
2021-10-08 16:08:00,54167.93,54208.66,54167.93,54208.66,1.48611
2021-10-08 16:09:00,54196.12,54211.24,54167.93,54167.93,0.05975
2021-10-08 16:10:00,54164.13,54164.13,54125.32,54138.26,0.10235
2021-10-08 16:11:00,54129.07,54135.96,54091.93,54095.15,0.8944
2021-10-08 16:12:00,54092.23,54154.94,54089.5,54146.52,1.36525
2021-10-08 16:13:00,54141.07,54160.02,54141.07,54160.02,0.02111
2021-10-08 16:14:00,54174.06,54195.9,54163.11,54172.85,0.47571
2021-10-08 16:15:00,54199.97,54199.97,54137.51,54180.85,1.25227
2021-10-08 16:16:00,54198.98,54234.97,54198.98,54234.97,0.27851
2021-10-08 16:17:00,54240.88,54248.03,54192.52,54207.85,1.24929
2021-10-08 16:18:00,54153.75,54187.38,54152.57,54187.38,0.20319
2021-10-08 16:19:00,54178.08,54178.08,54143.8,54159.67,0.41905
2021-10-08 16:20:00,54147.15,54147.15,54145.74,54145.74,0.06013
2021-10-08 16:21:00,54143.98,54163.53,54143.16,54163.53,0.18465
2021-10-08 16:22:00,54145.75,54145.75,54071.91,54071.91,8.44112
2021-10-08 16:23:00,54071.91,54142.42,54055.27,54123.28,4.88268
2021-10-08 16:24:00,54135.55,54244.29,54135.55,54244.29,0.47298
2021-10-08 16:25:00,54231.21,54285.95,54222.88,54278.22,1.6664
2021-10-08 16:26:00,54280.48,54408.45,54279.81,54350.95,2.08943
2021-10-08 16:27:00,54350.95,54364.22,54301.54,54301.54,1.20025
2021-10-08 16:28:00,54301.53,54322.35,54301.53,54312.54,0.09069
2021-10-08 16:29:00,54304.17,54324.97,54270.43,54291.07,1.37142
2021-10-08 16:30:00,54291.07,54330.39,54291.07,54325.37,0.17984
2021-10-08 16:31:00,54342.66,54367.63,54321.41,54363.13,0.42698
2021-10-08 16:32:00,54381.54,54385.79,54354.58,54354.58,0.11028
2021-10-08 16:33:00,54355.97,54397.27,54355.97,54397.27,0.10576
2021-10-08 16:34:00,54371.77,54399.25,54350.1,54388.22,1.52173
2021-10-08 16:35:00,54366.02,54378.8,54357.1,54360.41,0.10124
2021-10-08 16:36:00,54360.89,54360.89,54333.43,54348.47,0.16712
2021-10-08 16:37:00,54339.26,54339.26,54304.2,54311.55,0.09777
2021-10-08 16:38:00,54294.11,54328.9,54292.63,54328.9,0.13512
2021-10-08 16:39:00,54326.65,54381.15,54317.68,54381.15,0.01925
2021-10-08 16:40:00,54358.31,54366.02,54340.89,54366.02,0.2104
2021-10-08 16:41:00,54375.16,54437.22,54364.61,54437.22,1.0747
2021-10-08 16:42:00,54436.48,54436.48,54384.02,54413.72,0.9139
2021-10-08 16:43:00,54409.17,54443.55,54406.4,54406.4,0.04035
2021-10-08 16:44:00,54429.61,54529.02,54429.29,54441.55,3.87296
2021-10-08 16:45:00,54442.08,54522.37,54442.08,54487.37,1.01172
2021-10-08 16:46:00,54486.83,54505.35,54435.16,54435.16,1.31466
2021-10-08 16:47:00,54435.13,54464.63,54428.88,54445.15,1.61763
2021-10-08 16:48:00,54448.76,54448.76,54425.52,54425.52,0.08281
2021-10-08 16:49:00,54444.63,54444.63,54399.32,54409.33,0.31526
2021-10-08 16:50:00,54392.25,54424.8,54380.73,54380.73,0.18485
2021-10-08 16:51:00,54373.46,54375.45,54342.66,54342.66,0.21535
2021-10-08 16:52:00,54337.13,54352.25,54321.07,54338.45,0.08778
2021-10-08 16:53:00,54339.42,54377.8,54339.42,54356.58,0.47609
2021-10-08 16:54:00,54345.53,54354.7,54298.88,54348.0,1.4946
2021-10-08 16:55:00,54355.62,54371.08,54282.06,54355.64,1.40441
2021-10-08 16:56:00,54386.08,54388.12,54321.14,54321.14,0.83193
2021-10-08 16:57:00,54332.75,54332.75,54266.49,54291.11,0.75275