Open,High,Low,Close,Volume,actual returns,sma5,sma40,ssma,ema,dema,tema,trima,Signal,Entry/Exit
28964.54,29680.0,28608.73,29407.93,1736.62048,,,,29407.93,29407.93,29407.93,29407.93,,0.0,
29393.99,33500.0,29027.03,32215.18,4227.234681,0.09545894593737136,,,30894.121176470588,30839.6275,31660.66148148149,31968.727325102904,,0.0,0.0
32216.13,34851.3,32002.65,33033.26,3523.88112,0.025394239610022407,,,31692.601566820274,31600.27783095587,32722.84496461524,33031.87359174622,,0.0,0.0
33040.0,33648.27,28000.0,32017.58,4218.572357,-0.030747192375200072,,,31788.71080730223,31710.94466427429,32529.506589508732,32560.43385598939,,0.0,0.0
32027.11,34498.0,29882.3,34059.7,3150.244271,0.0637812101976476,32146.73,,32355.658796088424,32219.01185653455,33439.59086572346,33645.786417483716,,0.0,0.0
34057.84,37000.0,33343.24,36834.77,4168.293259,0.08147664248363906,33632.098,,33337.79761486388,33067.24240648677,35210.319357484834,35800.940892297294,,0.0,0.0
36859.03,40390.98,36005.0,39494.85,4330.386536,0.07221654974362535,35088.032,,34556.08987997693,34099.25361976974,37390.52660985923,38364.22570236441,,0.0,0.0
39504.38,42037.99,36286.12,40622.89,4042.516723,0.028561698550570558,36605.958,,35660.690705278605,35033.33808838896,39163.84676346525,40254.18318067938,,0.0,0.0
40645.36,41422.59,38717.42,40238.43,2235.391656,-0.009464122321183877,38250.128,,36438.94709336992,35708.437844372354,40080.40583969322,40955.373500336806,,0.0,0.0
40239.66,41453.67,35105.94,38156.4,3134.32525,-0.05174232692478309,39069.468,,36714.68878614532,35999.59326225021,39790.32969724011,40103.158708426,,0.0,0.0
38150.92,38265.27,30239.51,35421.45,7061.733057,-0.07167735949932397,38786.804000000004,,36516.83787606799,35935.907314154225,38474.54904961031,38050.93223379177,,0.0,0.0
35460.42,36637.61,32504.47,34074.89,4671.208936,-0.03801538333410959,37702.812,,36158.26368469676,35744.484676073786,37025.21584143248,36058.96789299704,,0.0,0.0
34045.93,37800.0,32344.85,37369.85,4095.861581,0.09669759755644103,37052.204,,36330.03520281437,35901.66486361013,37255.97823290527,36518.3211429193,,0.0,0.0
37369.85,40100.0,36754.17,39094.19,4029.856519,0.04614254539421503,36823.356,,36710.261796357285,36193.61275577694,38049.1741968272,37684.45360617039,,0.0,0.0
39113.82,39689.65,34318.0,36768.77,5308.255743,-0.05948249599237143,36545.83,,36718.102610813614,36243.59851071213,37722.613872911534,37235.771860252,,0.0,0.0
36751.33,38000.0,35370.39,35991.67,3225.453099,-0.021134783676473257,36659.873999999996,,36622.9312905898,36222.700582603284,37191.180834094084,36557.676890796574,,0.0,0.0
35991.66,36847.01,33790.5,35818.76,2757.680853,-0.0048041671864628155,37008.648,,36519.63103493376,36190.59706057513,36743.66929712112,36050.54167722021,,0.0,0.0
35801.66,37499.92,34761.67,36645.06,2977.824935,0.02306891695859914,36863.69,,36535.46839025419,36225.318018441554,36725.45866494645,36157.12492267968,,0.0,0.0
36645.26,37967.29,35875.72,35875.72,3584.123243,-0.020994371410498314,36219.996,,36453.40847775941,36199.56629753068,36430.07563890456,35864.578395567914,,0.0,0.0
35928.27,36412.99,33390.93,35509.09,4140.697658,-0.010219446466858462,35968.06,,36337.491720132726,36150.39874896423,36086.77070234716,35518.80834639495,,0.0,0.0
35478.5,35612.24,30050.0,30841.62,6355.233442,-0.13144437100472017,34938.05,,35670.626524660736,35784.089507613375,34150.9980809911,33029.648483623096,,0.0,0.0
30845.85,33862.06,28800.0,32994.37,5579.811413,0.06980015965438913,34373.172,,35349.1792682788,35597.16457274538,33565.33219088536,32554.878341002957,,0.0,0.0
32973.31,33485.16,31425.89,32098.02,2427.427146,-0.02716675602534624,33463.763999999996,,34962.1630132464,35369.04396461845,32844.8140910947,31887.405315822878,,0.0,0.0
32098.02,33096.77,30949.15,32302.42,1680.715239,0.006367994038261493,32749.104,,34648.03911685795,35174.18279918683,32429.197025098554,31638.70283168828,,0.0,0.0
32296.36,34900.0,31927.29,32259.82,3786.754748,-0.0013187866419914762,32099.25,,34367.941474235995,34993.39471006891,32143.5238565174,31535.075480137435,,0.0,0.0
32259.82,32934.14,30747.24,32499.43,3620.442961,0.007427505795134737,32430.811999999998,,34150.1409866876,34842.13675468267,32052.31516175576,31655.619411342894,,0.0,0.0
32505.08,32573.85,29240.0,30404.7,4569.563129,-0.0644543611995656,31912.878000000004,,33715.926339752856,34578.65543750894,31256.300939963694,30768.40363982415,,0.0,0.0
30419.72,33848.16,29878.28,33454.22,3955.900068,0.10029765134995583,32184.118,,33685.73187686802,34513.20939974444,31813.17553430191,31751.891777934798,,0.0,0.0
33448.07,38639.19,31977.27,34268.18,7160.952542,0.024330562781018417,32577.27,,33752.646696760836,34499.21358918464,32528.40120784838,32827.888226919895,,0.0,0.0
34250.03,34936.14,32821.83,34311.15,2743.856826,0.0012539329488756579,32987.536,,33816.569338752335,34488.66053682801,33070.93476789686,33558.80063128864,,0.0,0.0
34302.16,34379.02,32200.04,33130.26,2117.537392,-0.03441709182000596,33113.702000000005,,33738.280521750414,34413.7015735362,33042.08867361246,33449.93638346249,,0.0,0.0
33120.51,34781.92,32324.02,33545.58,2599.698816,0.012535971646464583,33741.878000000004,,33716.36364689631,34366.549905556116,33176.79208266216,33576.82163983104,,0.0,0.0
33530.59,36025.69,33440.86,35516.68,3360.726349,0.058758858842208106,34154.37,,33920.58743779065,34428.08956942906,33987.72408706279,34613.682114565854,,0.0,0.0
35500.0,37685.71,35404.21,37661.46,3210.012506,0.060387964190346644,34833.026,,34343.958488906654,34598.6589364187,35340.19593113894,36305.387178591554,,0.0,0.0
37637.44,38759.09,36192.89,36976.61,3025.320823,-0.018184372034435126,35366.118,,34641.29378257654,34722.42706630733,36051.78353694963,37008.8985514125,35117.59027777778,0.0,0.0
36962.83,38366.53,36606.29,38333.51,2393.116571,0.036696170903714576,36406.768000000004,,35057.53594104866,34907.99619723878,37032.72152093556,38058.59354124283,35008.692777777775,0.0,0.0
38341.86,41000.0,38233.51,39256.58,2762.273494,0.024079975979241164,37548.968,,35530.1478684901,35128.7770103307,38044.82984498583,39107.88714608532,34890.267716049384,0.0,0.0
39281.34,39742.88,37376.72,38866.41,2805.701513,-0.00993897074070127,38218.914000000004,,35905.1113534216,35316.37173227879,38600.47285630082,39504.07300796599,34772.038364197535,0.0,0.0
38860.36,47500.0,37000.0,46452.01,4452.160613,0.19517110018651063,39977.024000000005,,37088.96603517504,35869.21066302847,41697.89676934973,43371.72751332025,34708.753549382716,0.0,0.0
46457.14,48216.56,45000.0,46488.27,4025.386589,0.0007805905492570542,41879.356,35757.7935,38142.81024351222,36390.96158056356,43883.30419289189,45743.386706596575,34684.10179012345,1.0,1.0
46480.68,47379.74,43741.91,44858.18,3472.690116,-0.035064544238793904,43184.29,36144.04975,38894.975000573206,36802.89965049678,44799.17701146286,46299.0053113351,34704.88780864197,1.0,0.0
44844.88,48692.99,44007.78,47997.3,2685.789315,0.06997876418526117,44932.434,36538.60275,39913.58214826639,37342.42708971161,46517.82427978221,48013.581717412904,34788.103549382715,1.0,0.0
48007.4,48999.0,46191.22,47446.08,3020.949948,-0.01148439599727491,46648.368,36898.92325,40755.84608585939,37825.05045812503,47478.433585685656,48668.54801766801,34940.52080246914,1.0,0.0
47424.7,48206.2,46210.36,47214.7,2035.610661,-0.0048766937121044185,46800.906,37278.85125,41477.548311967046,38269.76488506484,48008.60122819693,48801.8909229497,35163.42796296297,1.0,0.0
47227.37,49735.42,47080.0,48629.31,1962.701175,0.02996121970487997,47229.114,37643.0915,42276.17397140954,38756.450904103665,48825.41701298822,49420.81874695648,35472.93493827161,1.0,0.0
48626.59,49033.9,45777.81,47905.52,2384.181723,-0.01488382212291317,47838.582,37919.860250000005,42904.44381994422,39182.95807919869,49079.74701666367,49321.21066756335,35841.557592592595,1.0,0.0
47916.82,50644.84,47022.88,49145.89,2585.964327,0.025892005764680093,48068.3,38161.136249999996,43600.68314110072,39643.99302694916,49642.08709764462,49736.01448612469,36259.65858024691,1.0,0.0
49157.32,52637.5,48950.66,52122.96,2694.39073,0.060576174325055465,49003.676,38448.638,44550.93334928329,40217.40962235342,51053.89590455407,51342.85498377937,36732.00509259259,1.0,0.0
52147.31,52541.74,50882.83,51592.33,2255.373924,-0.010180350463596,49879.202,38732.485499999995,45335.75586182467,40736.59785146622,51809.17470354617,51996.97122141677,37274.418456790125,1.0,0.0
51581.01,56414.43,50627.41,55919.45,2794.088065,0.08387138165692454,51337.229999999996,39176.56175,46514.987552613726,41425.1666138729,53841.656456688645,54407.45777471217,37903.01231481481,1.0,0.0
55919.45,57584.45,53444.57,55900.0,2339.565305,-0.00034782173286751483,52936.126000000004,39688.5255,47560.339975901356,42077.621992258544,55218.54427966494,55807.47674226178,38598.38212962963,1.0,0.0
55894.86,58367.75,55520.21,57484.39,1903.959506,0.028343291592128894,54603.826,40273.763,48665.43025812702,42768.03899167982,56697.389704276706,57325.936095347664,39349.780154320986,1.0,0.0
57463.71,57561.55,47701.0,54110.42,5641.997695,-0.05869367318675556,55001.31799999999,40692.27725,49271.60812534067,43273.4913675647,56460.68853868739,56493.467590232016,40150.48669753087,1.0,0.0
54101.03,54218.22,44901.96,48878.02,6957.534648,-0.09669856563671109,54458.456000000006,40936.873,49227.80037325279,43521.91843363658,54331.5148831188,53267.032733134554,40978.52675925926,1.0,0.0
48876.11,51412.64,46989.91,49694.58,3450.7451,0.016706077701183597,53213.481999999996,41260.01825,49279.744602998224,43794.13747397815,53044.66990791152,51523.064068463354,41828.34811728395,1.0,0.0
49698.82,52072.02,46702.5,47029.58,3538.668205,-0.05362757870174173,51439.398,41535.966,49029.38431528908,43936.12929479009,51127.68383763901,49090.77647058078,42693.00234567901,1.0,0.0
47082.14,48450.0,44112.0,46367.18,3936.663434,-0.01408475261739528,49215.956,41799.676499999994,48733.224224989215,44042.323281970974,49498.4259670816,47242.650224911646,43509.21453703704,1.0,0.0
46301.59,48369.99,45000.0,46167.3,1759.600683,-0.00431080777394699,47627.332,42037.7325,48447.813481336205,44134.73447178387,48258.49556693268,46035.63593862859,44282.788240740745,1.0,0.0
46141.75,46675.22,43000.0,45215.21,2818.147904,-0.020622605177257558,46894.770000000004,42271.21975,48088.29038912789,44181.52239726648,47038.54021917796,44895.586625768665,45018.08067901235,1.0,0.0
45243.69,49850.0,45031.37,49647.3,2942.353509,0.09802210362397967,46885.314,42624.675,48261.66153063181,44417.24395033832,47780.390909981994,46439.411082279395,45710.024722222224,1.0,0.0
49647.3,50262.96,47060.0,48494.34,2097.905702,-0.02322301514886016,47178.266,43065.993,48287.53430667509,44592.39107558681,47914.785373531355,46957.91290757723,46358.33296296296,1.0,0.0
48462.4,52667.39,48137.77,50379.88,2318.723783,0.03888165093080964,47980.806,43500.63075,48520.17391860793,44840.08746029054,48702.77498397944,48272.698531100265,46970.99277777778,1.0,0.0
50381.67,51785.71,47500.0,48360.96,2542.465502,-0.040073934276937506,48419.538,43907.204249999995,48502.472881158064,44990.23787719481,48547.360612152625,48166.019365658256,47526.57555555556,1.0,0.0
48348.75,49483.43,46296.16,48741.18,2163.308105,0.007862126806415848,49124.732,44318.17325000001,48529.01002275371,45149.65298339642,48577.31870743943,48305.0180372019,48040.13475308642,1.0,0.0
48787.96,49204.79,47068.13,48893.51,1125.150873,0.0031252833846042716,48973.974,44734.0155,48569.529195721836,45308.246100120006,48657.885163363906,48487.16964551396,48506.99614197531,1.0,0.0
48915.02,51469.78,48915.02,50979.57,1429.356213,0.04266537624318634,49471.020000000004,45196.019,48837.42420061813,45547.73518815446,49469.854547536845,49635.22535876701,48915.35382716049,1.0,0.0
50980.49,52423.36,49318.79,52423.32,1995.944236,0.028320168255636435,49879.708,45746.4845,49236.006105751716,45837.205897520435,50569.65362310588,51072.68365598832,49269.29459876543,1.0,0.0
52403.3,54900.0,51854.85,54900.0,2114.069026,0.047243860175204544,51187.516,46282.629,49865.548004716235,46217.66301727365,52239.27658140286,53173.84540238123,49551.0337654321,1.0,0.0
54893.57,57400.0,53030.0,55881.84,2442.66238,0.01788415300546431,52615.648,46822.9705,50534.22244928694,46622.24781325655,53767.726541284814,54938.20433833422,49769.80540123457,1.0,0.0
55853.46,58162.6,54250.65,57795.55,2160.784393,0.034245651181135095,54396.056,47410.0805,51341.24856065398,47088.77551324033,55519.43465177302,56911.03999544458,49928.35552469136,1.0,0.0
57795.55,58082.37,55008.09,57226.46,1907.321473,-0.009846605837300682,55645.433999999994,48012.4855,51995.31362621669,47510.990625222905,56526.69993650231,57779.9362059241,50043.64092592593,1.0,0.0
57278.41,61800.0,56084.83,61153.84,2201.590225,0.06862874271796637,57391.538,48702.691999999995,53013.13886662304,48077.81040107018,58613.19700435662,60123.91464613866,50164.269876543214,1.0,0.0
61182.49,61682.47,58979.41,59011.65,1388.168012,-0.03502952553756222,58213.867999999995,49290.06625,53679.76305887376,48531.02229612913,59278.99231557043,60434.09793592174,50281.43916666667,1.0,0.0
59000.0,61720.0,54559.5,55628.69,3045.067979,-0.05732698543423209,58163.238,49739.246999999996,53896.34600570761,48824.567391460914,58476.54192438465,58831.055981829006,50399.95395061729,1.0,0.0
55637.22,57708.86,53275.0,56925.26,2524.848256,0.023307577438907767,57989.18000000001,50237.96325,54232.94105840907,49158.879366531066,58315.82482963677,58321.323090845995,50551.31722222222,1.0,0.0
56908.8,59000.0,54137.72,58947.13,1998.71466,0.03551797567547332,58333.314,50753.30375,54756.80769206842,49562.008136108285,58885.21652252786,58901.99782747637,50743.11506172839,1.0,0.0
58941.7,60115.06,56978.69,57654.2,2125.526887,-0.021933722642646036,57633.386,51213.24425,55078.77724482397,49894.62975790246,58786.64892075293,58573.58417262946,50972.20290123457,1.0,0.0
57633.36,59470.47,56275.94,58066.76,2051.297988,0.007155766622379822,57444.407999999996,51693.253000000004,55410.80931341988,50229.90405844819,58826.78930134543,58504.331639557546,51222.18413580247,1.0,0.0
58040.39,59900.0,57830.24,58109.81,1100.584668,0.0007413880161386555,57940.632,51984.698,55710.72556527726,50552.60503732973,58837.57597137122,58434.056645876386,51498.60737654321,1.0,0.0
58092.11,58622.74,55436.5,57367.35,1291.222361,-0.012776844391678477,58029.05,52256.675,55894.80983417682,50831.201289651326,58548.08319600728,57989.1210936635,51786.827808641974,1.0,0.0
57353.03,58418.3,53680.25,54098.64,1734.487206,-0.056978577535828245,57059.352,52487.686499999996,55695.22106047355,50964.55659808151,57138.84287794192,56083.63261346418,52093.58537037037,1.0,0.0
54080.13,55831.63,52990.25,54374.21,1846.800257,0.005093843394214703,56403.35400000001,52647.10925,55548.432674142656,51103.49418913384,56214.52616579575,55002.29471927886,52415.149629629625,1.0,0.0
54356.22,57226.74,51600.0,52306.87,2413.969452,-0.03802059836823368,55251.376000000004,52768.629,55188.23858502077,51152.45467401433,54805.108420422024,53335.67557679737,52748.02790123457,1.0,0.0
52281.91,53529.37,50363.16,51311.53,2673.824034,-0.019028857968370172,53891.719999999994,52871.049750000006,54757.47143811605,51158.91730260047,53444.82912811851,51842.62302663418,53085.45972222222,1.0,0.0
51310.88,55117.58,51251.93,55078.95,2821.370805,0.0734224841863027,53434.04,53032.29075,54793.19288144005,51317.94907940909,53845.1896260065,52810.176822901594,53428.523148148146,1.0,0.0
55068.25,56642.52,53939.73,55845.08,1987.067559,0.013909669665089996,53783.328,53230.77975,54910.073890534506,51501.36200559473,54426.57756024295,53882.26780798319,53777.64993827161,1.0,0.0
55849.07,56540.59,54687.19,55767.6,1439.254926,-0.0013874095981240009,54062.00600000001,53396.322499999995,55005.35794807301,51673.98093099775,54827.51313495297,54580.082707254616,54126.48018518518,1.0,0.0
55776.4,58427.6,54895.0,57595.59,2684.973422,0.032778710218836604,55119.75,53533.13825,55293.17058108147,51913.28070836327,55779.79177870816,55945.00708203105,54473.732901234565,1.0,0.0
57602.51,59369.23,57040.22,58779.8,1840.435567,0.020560775573268852,56613.403999999995,53712.825,55680.58470412844,52190.434151599315,56888.19763963199,57398.6903551827,54816.1624691358,1.0,0.0
58768.34,59824.12,56743.63,58771.1,2207.20271,-0.00014801003065689766,57351.833999999995,53784.11625,56023.98384464705,52455.74528715968,57670.10948422631,58298.701760045675,55113.349567901234,1.0,0.0
58760.1,59500.0,57920.0,58713.1,1612.435853,-0.0009868796057926899,57925.438,53854.44375,56322.781143076725,52707.74409512963,58193.692684886046,58800.44796853122,55380.85882716049,1.0,0.0
58705.79,60143.55,58448.76,58968.56,1415.25845,0.004350988109978804,58565.630000000005,53891.547999999995,56616.762356412626,52959.61613236429,58641.52782573196,59192.33848743376,55632.13586419753,1.0,0.0
58964.97,59999.0,56897.78,57091.96,1474.741888,-0.03182373793763993,58464.904,53966.0865,56669.56301812702,53125.6915020058,58265.64760206,58471.558610674445,55851.340740740736,1.0,0.0
57065.56,58500.0,56456.41,58221.71,1198.042275,0.019788250394626505,58353.286,54199.67875,56842.02647528063,53330.296956640625,58384.846755187384,58516.9482109841,56028.86274691358,1.0,0.0
58209.31,59263.05,56781.24,59142.84,1558.396604,0.015821074303726146,58427.634,54435.88524999999,57097.6759555664,53563.45306041215,58786.215543118014,58963.221599159726,56172.58737654321,1.0,0.0
59142.8,59499.79,57386.73,57987.27,1502.702368,-0.019538628851776485,58282.46799999999,54709.82749999999,57196.52095254362,53740.74476383096,58641.35134539538,58652.139921067,56290.080679012346,1.0,0.0
57987.29,58654.95,55445.46,55941.32,2205.62085,-0.03528274395397468,57677.02,54949.181000000004,57057.05265710571,53828.86055434656,57785.93300478575,57425.641264218255,56371.2037345679,1.0,0.0
55944.12,58157.89,55677.77,58087.01,1512.539767,0.03835608455431516,57876.02999999999,55247.173749999994,57171.49347266631,53999.22526274592,57937.12914691731,57678.8719251123,56432.981697530864,1.0,0.0
58065.8,58881.43,57653.65,58109.4,1369.782565,0.00038545623195274104,57853.56799999999,55569.52849999999,57275.7062081638,54163.53926861503,58047.950311989676,57853.63447216403,56489.42966049383,1.0,0.0
58115.4,61284.36,57868.23,59778.35,1591.487476,0.028720826578832348,57980.67,55822.804749999996,57553.77987318126,54387.83383204907,58722.155845254456,58777.942004394004,56545.17117283951,1.0,0.0
59763.24,60675.0,59171.56,59954.82,1071.167638,0.0029520721130644745,58374.18000000001,56109.31675000001,57820.56392816947,54610.05544743788,59259.42435269957,59443.13240949215,56613.982407407406,1.0,0.0
59961.48,61240.6,59350.0,59830.82,1538.874417,-0.0020682240393683493,59152.08,56345.590249999994,58043.92706741581,54818.31046134104,59586.45202332213,59782.29206409334,56708.063179012344,1.0,0.0
59819.35,63770.99,59772.36,63554.56,2152.863843,0.062237823248954216,60245.58999999999,56725.43025,58656.22291348717,55166.5625611566,61146.07085169626,61784.44071402015,56820.10685185185,1.0,0.0
63583.85,64882.47,61109.0,62963.8,2610.123688,-0.009295320430194098,61216.469999999994,57080.99575,59134.84488132142,55477.18189873981,62027.89286772049,62725.77018404046,56951.204969135804,1.0,0.0
62963.8,63862.2,62032.95,63224.59,1571.280967,0.00414190376057344,61905.71800000001,57439.272750000004,59589.262939548935,55785.62450908732,62723.57964324716,63382.08356765108,57105.67108024692,1.0,0.0
63224.58,63581.56,60015.3,61404.3,2532.397485,-0.028790854950581646,62195.614,57699.891,59790.93448696042,56009.183855397874,62533.55519380604,62834.507294548894,57272.50962962963,1.0,0.0
61415.6,62583.55,59659.33,60046.12,1701.281826,-0.0221186464140134,62238.674,57890.460999999996,59819.288528198085,56169.71600092585,61877.82453839328,61752.24531129069,57438.46231481482,1.0,0.0
60066.3,60420.87,51035.68,56265.18,4639.894977,-0.06296726582833334,60780.797999999995,57924.59049999999,59424.38640025354,56173.510119434024,60023.75033735868,59171.572888180024,57604.03481481482,1.0,0.0
56248.84,58000.0,54245.51,55664.34,2781.462732,-0.010678718169923274,59320.906,57919.153000000006,59006.60235688202,56153.28436143319,58470.49763521506,57227.52414881847,57761.11901234568,1.0,0.0
55674.4,57200.0,53403.37,56474.41,2973.949424,0.014552763941870328,57970.869999999995,57886.1245,58725.24698608819,56166.03396309644,57655.79480045298,56425.139051245365,57900.196975308645,1.0,0.0
56482.87,56823.75,53450.12,53803.99,3248.982775,-0.047285487356131806,56450.808,57800.562750000005,58178.43950639956,56072.2997597002,56125.778394177934,54676.896115972435,58028.61237654321,0.0,-1.0
53811.62,55500.0,50469.0,51736.97,4407.936701,-0.03841759691056368,54788.978,57565.14099999999,57462.71933680335,55900.33909071469,54309.56915839407,52635.94350414772,58139.25209876543,0.0,0.0
51712.24,52125.87,47464.46,51121.14,5274.853114,-0.011903093667835596,53760.170000000006,57367.878249999994,56758.09824174461,55710.85749230752,52822.592481162676,51143.40146153302,58220.53891975308,0.0,0.0
51161.12,51196.8,47718.92,50105.0,2375.977985,-0.01987709976733698,52648.302,57229.786,56018.864013853265,55488.69710154315,51437.05890849088,49827.2943110896,58277.74308641975,0.0,0.0
50099.71,50599.99,47013.71,49123.01,1979.090384,-0.01959864285001489,51178.022000000004,57034.72975,55252.6570081468,55236.52911662661,50143.51866564344,48651.60525459455,58320.59595679013,0.0,0.0
49123.07,54597.25,48835.81,54055.99,3280.133295,0.10042096361766095,51228.422,56912.45125,55119.693852346136,55189.78227744444,51050.7053636078,50458.231562052286,58348.7862345679,0.0,0.0
54040.75,55500.0,53307.49,55068.14,1891.361448,0.01872410439620098,51894.656,56847.799750000006,55113.965640598275,55184.96734207932,52115.89023576109,52232.36114736774,58355.211018518516,0.0,0.0
55064.8,56489.53,53864.59,54877.5,1993.682127,-0.0034618928476610744,52645.928,56768.06825,55087.691656347786,55172.80140601378,52847.06814450737,53346.33124489259,58329.83027777777,0.0,0.0
54877.5,55225.12,52360.1,53580.6,1800.211074,-0.023632636326363254,53341.047999999995,56654.838,54920.23689085626,55109.823029358085,52929.35528032283,53459.01470456654,58261.17123456791,0.0,0.0
53591.28,58000.04,53077.54,57764.76,2042.901351,0.07809095082921802,55069.398,56664.77324999999,55236.29524395507,55214.80159886813,54514.366436034994,55588.17268822423,58159.84135802469,0.0,0.0
57764.75,58531.63,57047.64,57843.14,1402.799228,0.001356882639172996,55826.828,56758.38575,55525.94484854163,55318.694650918565,55687.006118248355,56977.27789635051,58014.72435185185,0.0,0.0
57844.9,57963.86,56073.43,56606.3,1172.066589,-0.021382656612348394,56134.46,56814.188,55645.98437879372,55369.575267604494,56078.47847013373,57216.260198588476,57828.014074074075,0.0,0.0
56602.83,59050.0,56490.38,57205.19,2193.812541,0.010579917783003046,56599.998,56936.64599999999,55819.22953630799,55442.089099838326,56565.73403653505,57603.85061199173,57599.70999999999,0.0,0.0
57208.09,57228.69,53000.0,53227.11,2965.383601,-0.06954054343670568,56529.3,56984.5355,55531.21612372845,55354.614124325955,55471.047037569064,55852.75289041995,57334.412407407406,0.0,0.0
53241.86,57998.96,52915.12,57493.09,2752.994924,0.08014675228469104,56474.966,57044.889,55749.2021979567,55439.044431081486,56216.44267672944,56777.13682366442,57057.326697530865,0.0,0.0
57504.22,59050.0,55268.09,56440.62,2198.309321,-0.018306025993732322,56194.462,57059.777500000004,55826.0264257438,55478.57766058319,56365.67257872251,56829.21738052593,56788.51679012345,0.0,0.0
56429.29,58725.27,55300.0,57368.34,2209.712045,0.016437097962424874,56346.869999999995,57099.795999999995,55997.394655307355,55553.14950356105,56798.15681284926,57283.02929172214,56534.37589506173,0.0,0.0
57367.68,59558.2,56971.49,58939.31,1866.381689,0.027383919423152214,56693.693999999996,57133.389,56324.27423070514,55686.737893605765,57663.30325017655,58306.40258323958,56295.54070987654,0.0,0.0
58945.9,59300.0,56260.45,58280.4,2226.058078,-0.011179465792863774,57704.352,57120.904,56541.621593166536,55789.03710032583,58030.82964005878,58595.22317849744,56080.66966049382,1.0,1.0
58328.37,59611.94,53232.55,55859.56,3348.072229,-0.04153780687847031,57377.64599999999,57048.1155,56465.83695473079,55791.818034803386,57404.526943980825,57547.048385935486,55898.537283950616,1.0,0.0
55872.21,59500.0,54511.06,56752.71,2219.303338,0.0159892057867983,57440.064,56999.10575,56497.71174388401,55829.70072034874,57263.428540731795,57275.301986149134,55758.54462962963,1.0,0.0
56749.65,59000.0,48500.0,49547.74,3110.699329,-0.1269537613269922,55875.943999999996,56763.585250000004,55725.49252458085,55582.08926294573,54558.90762102278,53566.172853151926,55641.1600308642,0.0,-1.0
49545.49,55199.0,46100.0,49661.84,5142.8416,0.0023028295538807253,54020.45,56577.83225,55051.75324920726,55348.78191943109,52668.643527568245,51273.09500775787,55546.482654320986,0.0,0.0
49691.58,51579.44,48873.52,49887.22,2102.646668,0.004538293385827119,52341.814,56369.469999999994,54477.916141285015,55133.59215662217,51419.73916665469,49996.79651747545,55451.380123456795,0.0,0.0
49893.73,51800.0,46571.88,46785.78,2056.567463,-0.0621690284605958,50527.058000000005,56060.54350000001,53623.23424158703,54804.742768399265,49442.62120900379,47772.89884785962,55340.101358024694,0.0,0.0
46801.92,49796.87,43800.0,46429.2,3616.306985,-0.007621546546835445,48462.356,55771.59175,52823.897015327566,54474.85962664354,47942.6232677471,46304.160725282316,55217.87367283951,0.0,0.0
46427.05,46659.97,42117.0,43530.32,5363.679173,-0.06243657008951253,47258.871999999996,55461.31675,51791.27724555623,54043.86635398397,45878.49085463292,44098.086649734505,55084.30012345679,0.0,0.0
43542.51,45840.94,42288.01,42876.51,3541.78506,-0.01501964607657369,45901.806,55081.05425,50800.747465144705,53604.17075316316,44228.147676054556,42533.49677692493,54911.15191358025,0.0,0.0
42883.81,43600.0,30000.0,36753.96,13553.429477,-0.1427949709526266,43275.153999999995,54547.16825,49239.9931812537,52940.82700526979,40913.74453472218,38726.066908474015,54690.54148148149,0.0,0.0
36754.0,42750.0,33734.69,40632.12,6970.379227,0.10551679329247787,42044.422,54068.5125,48283.562761818095,52456.34239235328,40022.27274288065,38394.10009330603,54440.249938271605,0.0,0.0
40589.29,42275.11,33510.0,37344.93,7988.205685,-0.0809012672732804,40227.56800000001,53503.26525,47068.159047106026,51861.626626675374,38292.736286386826,36800.63690944976,54147.23969135803,0.0,0.0
37333.51,38888.0,35113.01,37482.33,5085.561887,0.003679214286919308,39017.97,52944.553,46003.0668727207,51295.80263060253,37197.384702775336,36060.694260670636,53830.87268518519,0.0,0.0
37480.4,38299.08,31055.0,34734.64,8714.002801,-0.07330627525023126,37389.596,52224.055,44751.01938177129,50644.209866262245,35518.58910115295,34452.44692723859,53452.14327160494,0.0,0.0
34760.71,40000.0,34431.52,38819.19,5880.163786,0.11759298498559367,37802.64200000001,51620.439750000005,44091.92719986307,50179.01885382738,35883.239952068536,35617.51622252335,53018.48524691358,0.0,0.0
38833.93,39840.73,36437.83,38380.94,3920.487435,-0.011289519436134543,37352.406,50999.3485,43457.37304225912,49714.94517275894,36076.28449857177,36324.63661522126,52520.964876543214,0.0,0.0
38364.12,40900.0,37840.77,39281.68,3337.45478,0.023468419481127878,37739.75600000001,50446.283,42993.407132890745,49304.604832742894,36616.28562839097,37348.04619603237,51955.16509259259,0.0,0.0
39279.15,40437.57,37189.32,38552.14,2415.22531,-0.01857201626814331,37953.718,49908.9335,42499.932992091424,48881.75870742192,36805.86772633961,37740.530635184805,51314.65953703704,0.0,0.0
38562.04,38897.36,34700.0,35672.13,4290.374912,-0.07470428360137726,38141.216,49394.107249999994,41741.28819480013,48362.340410873236,35960.24755997316,36650.354375054696,50599.12305555555,0.0,0.0
35689.6,37362.6,33633.33,34598.36,3474.501771,-0.030101090122737206,37297.05,48867.45775,40947.62948752596,47821.181439977496,35020.9687510997,35488.53245294499,49797.827561728394,0.0,0.0
34612.4,36800.0,33400.0,35658.55,3093.479019,0.030642781912206374,36752.572,48347.06125,40359.95397643069,47343.03123331027,34784.594363376724,35333.43645217762,48955.38413580247,0.0,0.0
35651.65,37516.48,34182.39,37245.25,3381.19032,0.04449704208387595,36345.286,47933.092749999996,40013.87575029382,46946.09524713918,35239.48498069893,36079.711655599865,48072.954845679014,0.0,0.0
37254.08,37920.31,35660.45,36680.29,2733.037137,-0.015168645666225888,35970.916000000005,47556.67575,39643.47732737887,46542.5921111107,35407.45997655719,36334.2073211665,47162.63,0.0,0.0
36690.42,38438.27,35900.0,37579.26,2173.914367,0.024508257704614733,36352.342000000004,47218.12875,39414.11984313781,46190.31505733537,35889.50637484418,36968.8549755628,46249.452808641974,0.0,0.0
37567.84,39481.0,37168.1,39243.83,2552.861805,0.04429491160815835,37281.436,46946.5995,39395.19874920495,45917.32773376404,36864.85141475409,38204.12601237816,45340.173549382715,0.0,0.0
39243.84,39277.82,35500.0,36861.35,2970.81323,-0.060709670794109605,37521.996,46640.058000000005,39113.65999597513,45561.469759879576,36726.53858370627,37824.92054506425,44441.33043209876,0.0,0.0
36849.44,37922.96,34800.0,35530.74,2301.57086,-0.036097701250768055,37179.094,46176.92675,38715.557770029496,45167.33995160465,36164.39122848742,36916.36655187634,43565.76657407407,0.0,0.0
35505.32,36476.84,34800.0,35798.29,1473.245661,0.007530099288672432,37002.694,45695.1805,38391.41690367441,44799.23720142656,35875.58887200786,36461.70935631743,42752.34317901234,0.0,0.0
35801.16,36840.74,33300.0,33578.01,2759.907364,-0.062021956914701803,36202.444,45162.69325,37856.593909950236,44358.396255608015,34888.36260898063,35095.18847463217,41966.45086419753,0.0,0.0
33563.44,34072.78,31021.0,33373.32,4905.528725,-0.006095953869809545,35028.342,44657.511249999996,37358.45236073497,43926.863305475395,34130.43529628397,34144.47292954839,41229.597592592596,0.0,0.0
33400.66,37552.1,32420.91,37412.11,3979.166968,0.12101852617599929,35138.494,44148.695,37364.414320692296,43670.957945049995,35069.041604306745,35548.88539005693,40541.12259259258,0.0,0.0
37400.55,38619.59,35815.18,36686.78,3242.462282,-0.019387572633567052,35369.702000000005,43619.786,37289.12161795544,43396.63105255867,35502.35357726906,36123.11389041542,39928.914845679006,0.0,0.0
36677.28,37850.0,35939.88,37324.57,2533.471096,0.01738473640913707,35674.958,43137.742750000005,37293.06032709185,43158.145535632415,36056.65469687417,36806.8460080164,39366.481203703705,0.0,0.0
37341.29,37450.78,34611.0,35527.1,2359.478051,-0.04815782204590702,36064.776,42595.790499999996,37096.84251206922,42858.44757620893,35815.034825546485,36357.600909350986,38853.8425,0.0,0.0
35555.85,39657.69,34770.24,39025.72,2809.080633,0.09847750027443847,37195.256,42240.75575,37311.1622338255,42707.93160696103,36908.3839148749,37765.903998943526,38401.08549382716,0.0,0.0
39037.68,41069.9,38738.0,40525.99,3250.619207,0.038443108801067494,37818.03199999999,41816.57825,37668.36532025242,42622.24881184971,38232.917975450095,39377.548447614965,38015.31030864197,0.0,0.0
40521.93,41339.67,39526.52,40156.95,2281.395243,-0.009106255023011212,38512.066,41409.486500000006,37944.874730005315,42525.44401255671,39039.4882552002,40178.68498189206,37705.684043209876,0.0,0.0
40145.0,40512.0,38012.54,38341.29,2500.024921,-0.04521409120961617,38715.41,40933.810249999995,37988.920871242146,42361.15341267757,38946.754104032276,39737.01866457931,37475.98765432098,0.0,0.0
38333.4,39548.79,37373.0,38079.75,2663.875974,-0.006821366730227374,39225.94,40412.32124999999,37999.012996685415,42193.0526012676,38769.0312831235,39263.38667493642,37296.63197530864,0.0,0.0
38081.2,39100.0,35149.3,35828.28,2688.040377,-0.05912512555886007,38586.452000000005,39851.01825,37757.820440951655,41943.164258912315,37817.188226416954,37814.89089458389,37151.225740740745,0.0,0.0
35840.76,36458.94,34826.0,35491.55,2884.263228,-0.009398441677914704,37579.564,39341.818,37506.012613672094,41689.87792987182,37007.22954106808,36702.255767388015,37042.91268518518,0.0,0.0
35487.75,36140.18,33330.59,35593.89,3234.340219,0.002883503256408737,36666.952000000005,38812.8475,37293.55454510595,41450.56372223809,36465.07120080208,36046.855941697606,36956.887129629635,0.0,0.0
35589.06,35742.71,31250.0,31609.12,6103.445502,-0.1119509556274968,35320.518,38364.382,36661.95070575574,41064.227908165136,34648.72541499975,33706.23212471622,36869.47472222222,0.0,0.0
31619.44,33463.05,28765.43,32518.52,8274.32859,0.028770177720860435,34208.272,37935.799,36201.5695155761,40728.77103918638,33692.06389548627,32703.360484162207,36789.241759259254,0.0,0.0
32520.45,34864.52,31709.94,33672.23,4379.362497,0.035478551914416956,33777.062,37530.42425,35920.53179126983,40451.78129349891,33448.19436717821,32702.03876468332,36725.94478395062,0.0,0.0
33680.77,35331.0,32323.0,34664.58,2561.598602,0.0294708725855104,33611.668000000005,37227.39425,35780.98159208388,40224.62527697714,33658.325294373906,33262.651753503196,36662.09830246914,0.0,0.0
34648.14,35500.0,31260.0,31593.1,3758.823746,-0.08860571799802575,32811.509999999995,36856.49175,35315.661414723385,39885.83754726775,32727.3264760042,32183.942348106815,36613.8975,0.0,0.0
31582.01,32873.91,30150.0,32273.49,3537.901589,0.021536031601837147,32944.384000000005,36575.070999999996,34977.6423683445,39587.06285088614,32331.058573207418,31884.837556248014,36574.56021604938,0.0,0.0
32256.33,34745.69,31987.13,34678.88,2997.283072,0.07453144980601722,33376.456000000006,36370.13025,34944.4465496135,39394.42944440069,32941.08477248919,32931.667004423834,36527.00376543209,0.0,0.0
34708.86,35303.91,33888.0,34481.09,2852.136128,-0.005703471392386361,33538.228,36313.3085,34892.962488509416,39201.59977002494,33329.808949129954,33552.5309448517,36466.614506172846,0.0,0.0
34486.75,36633.77,34202.2,35911.03,3050.027586,0.04147026674620791,33787.518,36195.28125,35006.081100967414,39072.46149799212,34139.42206421484,34671.92124794927,36406.475493827165,0.0,0.0
35917.57,36114.7,33901.71,35026.97,2633.316802,-0.02461806302965963,34474.292,36137.33225,35008.402089750096,38913.70100171587,34410.177175300574,34959.535087228,36353.60101851852,0.0,0.0
35052.97,35053.04,32666.6,33513.42,2290.017245,-0.04321098856110028,34722.278,36038.109500000006,34842.292968585345,38701.77936455974,34063.254159383425,34392.7736570487,36284.50327160493,0.0,0.0
33517.99,34089.13,32700.0,33810.38,2067.782193,0.00886092795065374,34548.578,36015.003,34727.63597202592,38509.83280589671,33926.13566282111,34166.600128389095,36188.58620370371,0.0,0.0
33788.75,34989.06,33328.75,34681.43,1636.163798,0.025762798288573086,34588.64599999999,35911.559,34722.50197513216,38359.60388088537,34147.327598508375,34446.519651261086,36061.92734567901,0.0,0.0
34685.34,35968.64,34375.42,35290.65,1306.070398,0.017566173021124065,34464.57,35834.30175,34785.629533472544,38239.179210999704,34529.57373340789,34921.14262892847,35914.30067901235,0.0,0.0
35280.25,35280.25,33118.81,33743.42,2082.537602,-0.043842490858060246,34207.86,35695.84525,34669.82847416239,38062.77142928303,34247.65151040728,34460.06032474232,35745.8174382716,0.0,0.0
33708.5,35155.16,33500.0,34225.52,1707.63752,0.014287229925123102,34350.28,35587.679749999996,34620.4608659087,37912.20610818602,34220.60802727059,34391.51747328449,35576.76077160493,0.0,0.0
34208.61,35076.44,33763.39,33868.46,1699.225509,-0.010432566108564578,34361.89599999999,35542.588,34536.90521412088,37753.54189862247,34074.95507697228,34170.38361838894,35406.36351851852,0.0,0.0
33863.93,33934.43,32096.15,32870.81,2457.235259,-0.029456609482686913,33999.772,35499.39925,34351.78352362323,37561.962527932825,33614.32338570246,33541.96354169529,35233.68938271605,0.0,0.0
32868.08,34097.23,32255.75,33806.64,1547.332259,0.0284699403513331,33702.97,35453.101500000004,34291.21202098686,37414.621315397155,33626.6773678617,33604.782019083636,35091.36163580247,0.0,0.0
33805.04,34301.85,33013.17,33503.04,1153.012134,-0.008980484307224756,33654.89399999999,35359.54625,34203.637351973455,37261.152252552885,33532.48642172914,33509.080858360845,34965.4763271605,0.0,0.0
33501.16,34626.41,33304.69,34244.09,1197.253966,0.02211888831580633,33658.60799999999,35298.64125,34208.132090643754,37142.781457431534,33737.80435933513,33820.33703677348,34847.09216049383,0.0,0.0
34251.44,34683.69,31120.0,33089.77,1837.315304,-0.03370859029981521,33502.87,35186.403999999995,34083.86963611112,36983.7693250584,33473.90406502955,33463.10339397431,34727.34657407408,0.0,0.0
33090.5,33333.31,32167.56,32727.05,1996.89593,-0.010961696016623779,33474.118,35023.484500000006,33933.11189874746,36816.7680103059,33159.063314072795,33064.020114414045,34617.22709876543,0.0,0.0
32727.72,33132.11,31589.84,32818.32,1695.65143,0.0027888245350558005,33276.454,34922.408749999995,33809.246132206834,36659.90192085069,32973.14190089758,32866.14296099108,34512.1837345679,0.0,0.0
32814.57,33189.38,31130.27,31870.74,2195.833165,-0.02887350723620219,32949.99399999999,34830.908749999995,33593.856561941335,36472.017762563795,32506.830520429525,32294.013264418398,34406.909166666665,0.0,0.0
31872.07,32268.0,31025.65,31374.74,1843.897641,-0.015562864244758723,32376.124,34720.32,33347.28805503832,36272.04896160651,32004.387616112792,31708.204288081346,34298.85478395061,0.0,0.0
31378.63,31988.0,31152.31,31509.98,1369.579999,0.004310473967274353,32060.166000000005,34668.61925,33143.142715574424,36085.233341630024,31706.324652705574,31430.109059739283,34181.57969135803,0.0,0.0
31519.62,32439.14,31135.12,31782.76,1428.174778,0.00865693980129456,31871.308,34628.85525000001,32991.98908050059,35916.45002816764,31605.911370016736,31420.308621640375,34055.83521604938,0.0,0.0
31786.78,31898.0,30402.83,30828.98,1935.711841,-0.030009350981475502,31473.440000000002,34464.277,32751.65473820861,35716.87452088042,31205.360014295213,30981.601812735084,33938.818703703706,0.0,0.0
30832.11,31055.0,29264.41,29793.63,2982.969645,-0.03358366056872453,31058.018,34291.94825,32422.985322834917,35484.51561092581,30561.22594606163,30228.70019560121,33830.13200617283,0.0,0.0
29795.9,32844.96,29487.79,32128.31,3712.687393,0.07836171691734117,31208.732,34162.04175,32390.24362029618,35352.85897827927,30958.761104549663,30926.650283271374,33730.4650617284,0.0,0.0
32148.48,32598.59,31726.23,32288.94,2160.164618,0.004999640503966729,31364.523999999998,34081.08775,32378.987662485026,35232.6695717677,31317.792361800017,31486.333232417375,33630.94913580247,0.0,0.0
32289.95,33650.19,32000.0,33636.26,2144.926074,0.04172698143698761,31735.224,33946.35125,32518.684588880707,35170.04739298036,32071.453471968245,32519.247474068477,33544.48620370371,0.0,0.0
33652.22,34507.83,33418.36,34264.68,2469.018466,0.01868281432002239,32422.364,33789.8185,32712.68407901141,35134.53304585311,32842.620043597184,33485.267236557935,33463.09092592593,0.0,0.0
34275.19,35417.9,33872.05,35401.94,1727.279399,0.03319044567175311,33544.026,33670.94325,33011.49029246326,35145.022357998685,33802.46264769582,34636.47587252526,33391.43814814815,0.0,0.0
35403.88,40588.12,35248.96,37248.41,7281.061858,0.052157311153004704,34568.046,33643.621250000004,33482.25914886838,35227.529043308234,35145.470208411105,36233.268746592425,33341.70104938271,1.0,1.0
37250.03,39543.9,36399.0,39479.37,5201.987097,0.05989410017769892,36006.132,33678.611750000004,34148.604799009394,35394.308486083006,36892.25823893244,38279.919421691004,33302.6899074074,1.0,0.0
39469.3,40898.0,38768.52,40013.65,6663.970452,0.01353314401926875,37281.61,33783.246,34800.276488021635,35575.50149362944,38306.0278489088,39757.6812253339,33280.734598765426,1.0,0.0
40028.89,40643.15,39114.97,40035.89,3481.872251,0.0005558103297249595,38435.852,33896.8545,35382.01132269643,35750.45798790747,39287.15168533731,40598.2220494099,33274.89021604938,1.0,0.0
40033.89,42338.09,38318.36,42230.35,4310.914026,0.05481231964619737,39801.534,34062.765999999996,36142.93784240907,36004.62625146234,40735.02607323808,42082.94714984854,33302.11802469136,1.0,0.0
42225.61,42471.61,41066.1,41481.71,2153.959358,-0.017727534817968627,40648.194,34309.58075,36736.13474881655,36219.458393616376,41451.96823856504,42536.253452140394,33352.86654320988,1.0,0.0
41493.12,42600.0,39432.0,39856.79,2450.14526,-0.03917196277588364,40723.678,34493.0375,37082.87422117467,36362.12727025454,41327.0296948317,41900.40992672565,33423.65716049382,1.0,0.0
39866.51,40457.08,38688.88,39150.89,2260.514767,-0.017710909483678927,40551.126,34630.004,37312.653752157865,36471.511450763115,40934.13543904909,41036.190536754424,33525.58447530864,1.0,0.0
39159.43,39785.98,37654.48,38202.95,2590.179306,-0.024212476395811255,40184.538,34718.46325,37411.57555747466,36539.42349038154,40270.09489778625,39938.309996393284,33658.174012345684,1.0,0.0
38209.9,39965.9,37500.0,39734.78,2290.327755,0.040097165271268276,39685.424,34922.00525,37669.70938442422,36664.75373254582,40313.88195546659,39932.633643258894,33829.73222222223,1.0,0.0
39725.68,41374.07,37300.0,40882.95,3377.412442,0.028895843892932094,39565.672,35137.24175,38026.736119491026,36830.20127947097,40732.08279416333,40457.2575855645,34039.390432098764,1.0,0.0
40883.36,43399.99,39879.65,42874.98,3210.788191,0.04872520207079001,40169.31,35342.14425,38565.42988399583,37067.290093944976,41722.89681916273,41733.45328845111,34294.51296296296,1.0,0.0
42874.98,44754.94,42442.55,44600.86,3261.024914,0.04025377971021782,41259.304000000004,35595.1385,39236.03323022272,37362.77051011178,43024.417922395834,43348.15151334738,34607.73419753087,1.0,0.0
44608.28,45360.2,43288.55,43835.04,2989.068905,-0.01717052092717497,42385.721999999994,35793.238750000004,39747.03398242305,37616.6232190299,43644.75391156918,43941.79800201658,34964.967314814814,1.0,0.0
43828.73,46499.99,42817.95,46267.01,3649.601154,0.05548004518759431,43692.168,36074.23975,40471.47576215741,37955.90315074311,44924.88958817736,45430.94894289981,35374.607160493826,1.0,0.0
46269.61,46735.29,44619.89,45598.01,2279.479893,-0.014459546878002327,44635.18000000001,36376.3545,41041.09067747576,38255.635272033265,45557.0212376795,45970.06647392155,35821.49672839507,1.0,0.0
45603.14,46787.68,45341.0,45532.33,2176.991137,-0.0014404137373539294,45166.65,36669.40325,41540.1172688693,38541.0339586878,45939.58024385369,46188.56638407661,36303.042129629626,1.0,0.0
45543.49,46230.98,43762.79,44433.43,2562.025665,-0.02413449959622105,45133.164000000004,36913.20325,41861.596461218265,38772.1379622422,45772.52399805102,45703.894110619156,36807.72953703704,1.0,0.0
44437.8,47893.76,44241.49,47831.83,2132.62233,0.07648295438817132,45932.522000000004,37226.73275,42524.955743307175,39127.46380102885,46835.46824081527,46979.836682706715,37331.57070987654,1.0,0.0
47824.57,48200.0,46024.66,47092.92,2150.211364,-0.015448081329942909,46097.704000000005,37560.47025,43032.50732738555,39439.87163018635,47289.59942655178,47365.758294754574,37861.40206790124,1.0,0.0
47110.63,47404.12,45516.45,47003.87,1826.298057,-0.001890942417671182,46378.876000000004,37879.929000000004,43473.769846566014,39736.53277245119,47540.31820836107,47493.95566125111,38392.7137037037,1.0,0.0
47013.5,48076.27,45660.83,45876.97,2167.450528,-0.023974621664131113,46447.804000000004,38180.14175,43740.792085837034,39977.36056004121,47273.63630038459,46957.21300261969,38924.17743827161,1.0,0.0
45906.48,47171.98,44386.35,44648.84,2288.389963,-0.026770076576548174,46490.886000000006,38474.5925,43841.68629852201,40160.57507604277,46604.966427264255,45960.6025035995,39434.89398148148,1.0,0.0
44701.83,46031.82,44220.44,44717.35,2282.195001,0.0015344183633887454,45867.990000000005,38747.36025,43938.982265353065,40339.29016700814,46123.43625137667,45326.7278621695,39928.57651234568,1.0,0.0
44731.72,47059.76,43943.44,46753.72,2377.183358,0.045538700303126234,45800.15,39078.627250000005,44251.73090253653,40590.86082676559,46492.10668875354,45907.0626396371,40421.82219135803,1.0,0.0
46758.32,49406.05,46640.73,49326.64,2518.777422,0.05503134296051737,46264.704,39455.691000000006,44815.60969114435,40933.47231842033,47664.771501124604,47529.10996160654,40924.00490740741,1.0,0.0
49347.44,49808.89,48251.0,48858.83,1708.863497,-0.009483921872643242,46861.076,39849.917499999996,45264.85639212886,41244.29847862164,48313.3401209971,48313.90886518323,41438.00141975308,1.0,0.0
48864.06,49516.11,47972.28,49276.5,1119.395483,0.00854850597118273,47786.60799999999,40263.65375,45710.594570781686,41559.313862596995,48900.604832875615,48976.23886164941,41956.0625,1.0,0.0
49276.5,50546.27,49040.94,49545.26,2109.418562,0.005454121132791645,48752.19,40681.82725,46136.66850736191,41872.51409766299,49388.24365516284,49480.1541471493,42472.77209876543,1.0,0.0
49508.47,49888.62,47600.0,47700.91,2248.857081,-0.03722555901412161,48941.628,41077.58150000001,46310.47311765518,42101.09678783992,49042.64715522015,48847.8281177653,42967.1975308642,1.0,0.0
47688.01,49280.07,47128.89,48991.76,1868.964933,0.027061328599391477,48874.652,41518.007,46608.39388236039,42371.33948531297,49232.50190904803,49028.498297274535,43429.4737962963,1.0,0.0
48984.49,49357.2,46236.72,46863.0,1872.83558,-0.04345138856003539,48475.486,41901.8325,46636.68345098703,42547.49594304964,48578.02567513595,48071.81765068999,43864.9637345679,1.0,0.0
46855.79,49551.39,46344.05,49071.5,2115.202637,0.04712673110983068,48434.486,42334.051,46907.21862309975,42803.35725279919,48885.61985842678,48517.82946718465,44265.967314814814,1.0,0.0
49090.48,49312.17,48380.0,48920.68,709.60507,-0.003073474419978961,48309.57,42786.3435,47130.93655386656,43043.26849058809,49035.62014139583,48718.39980012295,44640.30706790123,1.0,0.0
48927.61,49664.49,47788.88,48792.95,1181.513039,-0.0026109612540137217,48527.978,43261.3265,47315.60471454814,43268.760851463565,49081.039916840185,48769.64566045382,44989.9337654321,1.0,0.0
48805.61,48901.12,46852.74,46995.47,1521.97002,-0.03683892857472226,48128.72,43633.0055,47280.03419070945,43414.915434284136,48451.49217645098,47911.17233605171,45319.59302469136,1.0,0.0
46996.65,48260.39,46581.26,47121.64,1775.38109,0.0026847268470768793,48180.448,44003.823000000004,47262.43483618617,43560.28590305082,48035.76193554384,47420.68167611564,45614.39546296296,1.0,0.0
47102.56,49121.5,46531.41,48843.62,1818.59385,0.03654329518242583,48134.871999999996,44384.007,47438.12207660999,43767.48741848169,48353.04250394151,47959.093795610665,45891.102685185186,1.0,0.0
48838.81,50402.5,48543.82,49267.13,2090.178742,0.008670733250319973,48204.162,44759.068250000004,47641.34517920893,43983.17162099312,48728.18876755837,48520.81804738201,46153.220524691365,1.0,0.0
49262.78,51045.17,48343.37,50015.65,2322.353184,0.015193091215177423,48448.702000000005,45124.411,47905.15682596357,44219.7519883978,49259.307225570825,49244.67920431556,46410.08404320988,1.0,0.0
50016.62,50550.0,49387.75,49938.29,1032.21495,-0.0015467158779302048,49037.265999999996,45441.658,48131.06051196766,44444.01984577855,49601.62714967597,49657.2573027366,46675.80854938272,1.0,0.0
49943.8,51950.0,49472.92,51786.64,1060.282124,0.03701268105095301,49970.266,45749.33975,48537.236010638,44731.979877662874,50499.58441511623,50801.499654541476,46953.36530864198,1.0,0.0
51792.48,52800.0,51018.18,52707.76,1468.894854,0.017786826872722372,50743.094000000005,46066.6925,49000.62756501164,45044.77032931978,51457.36248839334,51948.97418225488,47228.01191358025,1.0,0.0
52696.91,52942.42,42913.0,46870.91,5411.566891,-0.11073986069603414,50263.85,46237.56800000001,48763.99228001031,45116.386896792406,50019.09035575495,49782.7436396932,47463.6724691358,1.0,0.0
46877.47,47372.48,44425.56,46047.92,2735.46603,-0.017558652050920442,49470.304,46333.00725,48462.20647112023,45152.919198120515,48676.39257663618,47961.620688459545,47657.7688580247,1.0,0.0
46044.16,47399.99,45513.02,46395.19,1672.47953,0.0075414915592280085,48761.684,46455.84425,48232.53797432906,45201.63773917773,47836.94429493473,46976.77592540647,47813.5225617284,1.0,0.0
46379.6,47031.04,44126.04,44864.41,2935.39666,-0.0329943685972619,47377.238,46581.034750000006,47858.3015327369,45188.412590147804,46690.94642284841,45637.50444265611,47928.09367283951,1.0,0.0
44846.07,45983.01,44732.8,45174.46,899.74221,0.0069108230778025526,45870.577999999994,46731.624,47560.09691798833,45187.86540860955,45996.06432779922,44988.989878085515,48019.972253086424,0.0,-1.0
45178.97,46485.87,44750.0,46051.09,962.05905,0.019405433955380857,45706.613999999994,46927.8275,47392.429482656284,45221.71860999366,45834.062413855776,45071.808371313695,48089.2225308642,0.0,0.0
46036.05,46900.0,43390.57,44936.64,2557.22891,-0.02420029580190175,45484.358,47057.874,47119.56398458334,45210.53865793752,45337.860292377736,44647.81299986852,48143.18169753087,0.0,0.0
44952.9,47257.42,44652.43,47131.49,1448.23167,0.04884321569213901,45631.618,47214.0875,47120.88909740742,45285.872664475246,45794.38812293668,45509.77066434195,48182.49734567901,0.0,0.0
47144.37,48464.21,46709.52,48150.0,1283.35576,0.021609968197483287,46288.736,47345.963,47235.23475325105,45398.19508136853,46506.71360957694,46607.67692078576,48209.17919753087,0.0,0.0
48148.56,48514.71,47031.81,47756.59,1123.77024,-0.008170508826583656,46805.162,47424.85625,47293.163114000934,45490.68408210295,46886.70577664363,47141.45327028199,48222.5987654321,0.0,0.0
47756.14,48177.84,46754.52,47293.72,1199.73727,-0.009692274930014788,47053.688,47511.32325,47293.224990223054,45561.393521882135,46998.06293250056,47260.992340911114,48229.0313271605,0.0,0.0
47293.72,48930.0,47050.0,48291.38,927.81267,0.02109497836076324,47724.636,47561.9325,47404.1311024205,45668.454941177275,47440.31539494897,47820.87184268761,48241.26614197531,1.0,1.0
48312.6,48375.96,46850.01,47254.55,766.78784,-0.021470291385336182,47749.248,47603.346000000005,47387.51097992933,45730.656492375936,47384.140755118,47662.667762285324,48243.193024691354,1.0,0.0
47253.2,47353.82,42485.3,42982.67,3459.452573,-0.09040145340501615,46715.782,47539.6045,46898.0842043816,45622.88941152059,45805.12855542147,45463.45845007104,48218.73805555555,0.0,-1.0
43026.33,43629.88,39603.22,40692.59,3757.040371,-0.05327914715395765,45302.982,47446.0835,46208.584848339175,45429.53932949666,43857.23360539882,42950.96880003871,48152.73450617284,0.0,0.0
40717.96,44024.21,40539.26,43563.31,2357.12945,0.07054650490420977,44556.9,47339.3705,45914.66542074592,45356.35204463579,43517.45429316837,42801.61359024659,48050.729629629626,0.0,0.0
43552.58,44995.6,43089.91,44882.61,1849.54939,0.03028465926946322,43875.14599999999,47284.11275,45799.99259621859,45337.77348111602,43776.777761614154,43425.27164695389,47905.59722222222,0.0,0.0
44893.36,45144.23,40700.0,42829.7,3784.97293,-0.04573954143932368,42990.176,47179.758499999996,45469.96008552762,45239.41539927426,43247.930470954874,42883.079485035705,47711.60030864197,0.0,0.0
42849.24,42986.45,41623.57,42699.79,944.44035,-0.0030331755767608604,42933.6,47100.329,45162.163409357876,45139.82004859621,42845.97138609475,42524.854320140475,47512.30898148148,0.0,0.0
42706.43,43953.96,40758.14,43207.18,1701.25636,0.011882728228874262,43436.518,47064.2875,44944.94303054033,45064.028635871466,42765.53071634049,42596.96692030898,47312.92558641975,0.0,0.0
43192.61,44367.62,42118.51,42171.38,1448.52434,-0.023972867472489612,43158.132,47000.63825,44636.76936048029,44950.58912368574,42358.826659044134,42186.486290410096,47109.3986728395,0.0,0.0
42161.79,42778.07,40851.47,41039.2,2764.7998,-0.026847117642344154,42389.45,46857.77525,44237.03943153804,44797.19831285417,41683.453396012716,41416.73042190295,46908.51262345679,0.0,0.0
41032.33,42588.0,40761.01,41526.74,1266.24308,0.011879861205871478,42128.85799999999,46662.77775,43935.89505025603,44668.94263398792,41400.958771832076,41212.73663817783,46704.16586419753,0.0,0.0
41533.27,44123.55,41402.28,43809.47,1572.68135,0.054970122865411586,42350.794,46536.54375,43921.8478224498,44635.23721587614,42046.976261483185,42248.89730226315,46501.97666666667,0.0,0.0
43822.89,48486.08,43293.08,48147.38,2616.91387,0.0990176324890486,43338.833999999995,46508.31575,44391.35139773317,44772.97069621633,44092.574804400574,45065.07267614442,46315.64271604938,0.0,0.0
48181.13,48349.39,47460.89,47672.68,719.57948,-0.009859311140086868,44439.094,46461.50125,44755.94346465171,44886.68668302698,45393.058079691684,46626.98076114842,46136.966790123464,0.0,0.0
47662.03,49399.99,47134.57,48220.0,756.67767,0.011480789416495885,45875.254,46474.4785,45140.83863524597,45017.40694687809,46513.58745269033,47842.008107317655,45960.88555555555,0.0,0.0
48214.74,49507.8,46933.6,49247.63,1283.57755,0.021311281625881362,47419.432,46480.87525,45597.14878688531,45183.300600908,47668.92955330185,49047.40616634337,45792.6049382716,1.0,1.0
49252.59,51921.46,49057.36,51488.94,1382.53304,0.0455110225608828,48955.326,46596.52375,46251.79225500916,45430.58423494684,49278.36811556115,50823.26378288211,45636.35200617284,1.0,0.0
51502.83,55794.07,50408.96,55330.92,2133.377701,0.07461757806627989,50392.034,46753.00925,47260.58422667481,45818.838213831245,51779.944470784656,53726.056110484504,45498.215740740736,1.0,0.0
55332.46,55352.49,53392.38,53767.81,1434.18373,-0.02825020802112088,51611.06,46874.1875,47983.60931259983,46130.5668538788,52960.272759296306,54678.66951919691,45385.08666666666,1.0,0.0
53788.03,54434.41,53627.77,54377.03,183.53926,0.011330571209800189,52842.466,47013.7895,48693.98938897762,46453.96180789755,53967.30355357191,55423.966250778,45326.52185185185,1.0,0.0
